2046999704

2047003042

2046960328

2046959620

2046960187

2047006388

2046959714

2047008336

2046959087

2046959504

2046960046

2046960344

2047009352

2047013680

2046958137

2046968988

2046978718

2046978813

2046979129

2046979233

2047016487

2046987082

2046985512

2046985747

2046986343

2047020421

2046977711

2046983752

2046984967

2046985328

2046971919

2046985493

2046987431

2047023408

2046987412

2046976165

2046983658

2046985602

2046988205

2046990064

2047026437

2047029642

2046988805

2046989884

2046995272

2047033329

2046987198

2046997582

2046998299

2047033882

2047038141

2046989275

2047040184

2047007566

2047007736

2046999371

2047044005

2047046153

2046986312

2047048775

2047010191

2047017886

2047051655

2047054033

2047017834

2047057742

2046989520

2047058690

2047023450

2047025722

2047009628

2047019581

2047062557

2047027707

2047066048

2047019949

2047026811

2047027730

2047027902

2047028062

2047028630

2047028899

2047029401

2047029732

2047067099

2047026477

2047028121

2047028558

2047030357

2047068741

2047072185

2047025959

2047027386

2047072975

2047029409

2047029681

2047030344

2047043536

2047043639

2047028056

2047028200

2047077535

2047029076

2047045261

2047047235

2047079004

2047030231

2047042824

2047081907

2047035658

2047048850

2047083849

2047030426

2047048812

2047086810

2047088662

2047043374

2047050406

2047055765

2047089900

2047058662

2047091665

2047049975

2047055313

2047055953

2047095351

2047057023

2047059567

2047063427

2047070341

2047058408

2047067679

2047069415

2047070279

2047102061

2047104952

2047068696

2047069822

2047106065

2047063941

2047068354

2047068959

2047075569

2047076747

2047073826

2047077450

2047077661

2047079029

2047108077

2047088087

2047070245

2047079338

2047084801

2047087980

2047117360

2047066093

2047076710

2047080028

2047080398

2047118438

2047119839

2047088983

2047074244

2047079607

2047123162

2047079614

2047090289

2047078780

2047087785

2047094564

2047095837

2047097228

2047096791

2047095756

2047097047

2047097502

2047097995

2047098276

2047127412

2047079941

2047094145

2047098163

2047098240

2047098890

2047099009

2047133551

2047094188

2047134212

2047097682

2047134453

2047096653

2047098841

2047099484

2047100092

2047100418

2047103224

2047135592

2047109459

2047096161

2047098886

2047099077

2047100108

2047100271

2047103655

2047107040

2047137323

2047099642

2047139271

2047139309

2047100380

2047104686

2047109084

2047109953

2047099743

2047109803

2047110001

2047117501

2047100141

2047146675

2047108220

2047110140

2047119426

2047119874

2047125184

2047109081

2047116981

2047118115

2047125189

2047110192

2047117817

2047120016

2047122928

2047124165

2047125112

2047152741

2047120274

2047154359

2047128300

2047119217

2047119606

2047124503

2047125563

2047118422

2047125097

2047127311

2047127455

2047127555

2047127633

2047127704

2047127935

2047127962

2047128144

2047128201

2047157253

2047121868

2047125071

2047125521

2047125867

2047126288

2047126956

2047127373

2047127432

2047127493

2047127578

2047127635

2047128294

2047128373

2047128395

2047128613

2047125314

2047129894

2047157808

2047171027

2047124738

2047125992

2047126500

2047126842

2047127037

2047127335

2047127467

2047128140

2047128287

2047128389

2047128525

2047128634

2047129180

2047129229

2047129297

2047129843

2047172657

2047127247

2047127476

2047128581

2047129116

2047129247

2047129328

2047129353

2047129501

2047129553

2047129602

2047129627

2047129886

2047129924

2047129943

2047130290

2047127085

2047127337

2047127610

2047128361

2047128623

2047129512

2047129605

2047129873

2047130359

2047137274

2047130360

2047175668

2047127990

2047128495

2047129175

2047129633

2047136555

2047137312

2047138198

2047138372

2047175315

2047176049

2047125059

2047127413

2047127564

2047128436

2047128559

2047128680

2047129144

2047129173

2047129306

2047130347

2047125506

2047176847

2047127643

2047136060

2047129201

2047136367

2047129246

2047129538

2047129646

2047137775

2047139041

2047140425

2047129248

2047129510

2047179236

2047130352

2047138384

2047139979

2047128624

2047129283

2047129878

2047130321

2047139050

2047130324

2047139148

2047140244

2047184401

2047147771

2047148679

2047150374

2047129339

2047140454

2047126537

2047129260

2047187364

2047140388

2047156906

2047189296

2047153779

2047153839

2047154216

2047155098

2047155270

2047155567

2047155768

2047155785

2047156403

2047129149

2047157841

2047134332

2047220890

2047155360

2047156246

2047157664

2047157778

2047157811

2047146951

2047155398

2047156813

2047157263

2047157533

2047157584

2047157943

2047158221

2047148273

2047153700

2047154546

2047156849

2047157300

2047157675

2047158092

2047158323

2047158570

2047158681

2047159047

2047159180

2047159537

2047159622

2047160001

2047160038

2047160163

2047151744

2047225161

2047156140

2047156249

2047157257

2047157502

2047157980

2047158183

2047158374

2047158787

2047159060

2047159312

2047159354

2047126493

2047150238

2047226906

2047154715

2047157031

2047157935

2047158521

2047159301

2047159368

2047159435

2047160129

2047173734

2047154731

2047155293

2047156212

2047156829

2047158345

2047158670

2047159439

2047159855

2047229653

2047176420

2047176444

2047158116

2047158777

2047159342

2047159507

2047240886

2047155683

2047157230

2047157531

2047158216

2047158711

2047159364

2047159424

2047159519

2047159887

2047242870

2047150838

2047156253

2047157969

2047244985

2047186700

2047158162

2047159363

2047159637

2047174441

2047160120

2047178529

2047179841

2047185920

2047186140

2047180297

2047183573

2047187014

2047187261

2047159862

2047178447

2047179242

2047248253

2047190192

2047185423

2047188164

2047188383

2047188893

2047189208

2047189330

2047159003

2047249892

2047158415

2047260649

2047221819

2047186624

2047187363

2047188915

2047189493

2047190123

2047221596

2047175686

2047262552

2047189019

2047190043

2047190121

2047190398

2047190419

2047221164

2047177712

2047264702

2047189457

2047190048

2047265959

2047224488

2047190436

2047224153

2047186806

2047267179

2047190228

2047224640

2047187983

2047281171

2047225663

2047226214

2047226994

2047227526

2047227571

2047227866

2047226890

2047227755

2047282133

2047220682

2047223520

2047226427

2047226712

2047281834

2047227532

2047228685

2047228829

2047229282

2047229630

2047229667

2047230082

2047230133

2047230208

2047189228

2047225820

2047227287

2047282601

2047189165

2047226452

2047228892

2047285592

2047229684

2047230225

2047230236

2047230419

2047190181

2047229287

2047229580

2047229739

2047230070

2047230125

2047230237

2047285947

2047248954

2047244516

2047228061

2047229585

2047250006

2047286287

2047248439

2047222217

2047229749

2047230179

2047230443

2047287533

2047248248

2047248644

2047249027

2047249675

2047249869

2047225969

2047228991

2047229273

2047230238

2047248263

2047229307

2047244452

2047247258

2047248723

2047227299

2047245505

2047248929

2047290017

2047264685

2047228031

2047248733

2047249154

2047292445

2047249006

2047295446

2047267733

2047265045

2047250163

2047264132

2047297623

2047266622

2047249178

2047298703

2047270208

2047266116

2047249151

2047250015

2047266084

2047267821

2047300049

2047268132

2047268491

2047268923

2047269503

2047269874

2047270069

2047249875

2047263137

2047267677

2047268227

2047269310

2047269430

2047300354

2047270179

2047270193

2047248036

2047250408

2047267572

2047268010

2047268548

2047268698

2047268929

2047269483

2047227249

2047249130

2047267346

2047267455

2047267999

2047269152

2047269438

2047269476

2047269736

2047270188

2047282600

2047282881

2047250405

2047267202

2047267797

2047268037

2047268517

2047269094

2047269420

2047269521

2047269902

2047270229

2047354218

2047288173

2047269419

2047270079

2047285085

2047285432

2047286390

2047286538

2047287323

2047287448

2047355002

2047287835

2047288100

2047265914

2047267113

2047267370

2047268921

2047269426

2047269450

2047270211

2047282679

2047284026

2047284545

2047284961

2047285139

2047285741

2047286117

2047286528

2047287110

2047287457

2047356140

2047288874

2047288149

2047288364

2047288437

2047267349

2047269717

2047269731

2047270064

2047283165

2047286685

2047286921

2047287441

2047287797

2047287946

2047288146

2047370868

2047268890

2047269195

2047269506

2047269879

2047285534

2047371741

2047290353

2047287147

2047287554

2047287827

2047286312

2047287263

2047287757

2047288798

2047289391

2047373338

2047289616

2047289623

2047289795

2047289996

2047290176

2047290297

2047286953

2047287672

2047289244

2047289487

2047289508

2047289717

2047289944

2047290272

2047290359

2047372914

2047268087

2047286681

2047287577

2047287905

2047374099

2047288817

2047288123

2047288452

2047288898

2047289514

2047289659

2047289809

2047290367

2047375294

2047270230

2047288299

2047289820

2047290313

2047290451

2047375924

2047287346

2047289073

2047289671

2047290376

2047295624

2047376454

2047288765

2047290051

2047297286

2047298072

2047298375

2047376197

2047299489

2047288862

2047290039

2047297283

2047297978

2047377675

2047297461

2047299277

2047299621

2047377913

2047269435

2047298231

2047351871

2047378802

2047354539

2047269074

2047285888

2047290370

2047353350

2047354185

2047379131

2047353049

2047353353

2047353415

2047354016

2047354347

2047354745

2047354983

2047354387

2047298571

2047353895

2047354202

2047356088

2047352634

2047353519

2047354140

2047354491

2047355273

2047355397

2047355628

2047355656

2047355751

2047355903

2047355981

2047380376

2047354028

2047354279

2047354655

2047354985

2047355306

2047355756

2047355912

2047356089

2047356170

2047356238

2047356369

2047357782

2047354722

2047355344

2047355540

2047355622

2047356073

2047356329

2047356727

2047356801

2047356973

2047357080

2047357212

2047357223

2047357306

2047357313

2047357346

2047357366

2047357396

2047357616

2047357630

2047357778

2047351659

2047352469

2047353028

2047355043

2047355343

2047355506

2047356255

2047356277

2047356752

2047356767

2047356798

2047356960

2047387277

2047355544

2047355954

2047356357

2047356567

2047356830

2047357332

2047357359

2047357382

2047357627

2047357789

2047357826

2047357914

2047357921

2047357962

2047357982

2047358005

2047358118

2047358239

2047358262

2047358390

2047358496

2047358523

2047358573

2047387705

2047358275

2047352382

2047354633

2047355534

2047355648

2047355752

2047356844

2047357033

2047357237

2047357634

2047357941

2047357945

2047357968

2047358091

2047358267

2047359461

2047353734

2047354649

2047356187

2047356845

2047357076

2047357208

2047357379

2047357973

2047358254

2047358512

2047358536

2047358558

2047358640

2047358651

2047358671

2047358724

2047358993

2047359014

2047359072

2047359266

2047359301

2047359405

2047359422

2047389873

2047359503

2047354372

2047355971

2047356946

2047356979

2047357052

2047357241

2047357373

2047357613

2047357787

2047357861

2047357908

2047358011

2047358134

2047358280

2047358396

2047358431

2047358535

2047358655

2047358702

2047358980

2047359074

2047359119

2047359340

2047359403

2047359463

2047359502

2047359467

2047355639

2047357381

2047357767

2047358265

2047358572

2047358622

2047358691

2047358722

2047358998

2047359017

2047359056

2047359116

2047359146

2047359234

2047359255

2047359268

2047359273

2047359327

2047359347

2047359395

2047359436

2047360372

2047355770

2047356192

2047356263

2047356848

2047357202

2047358108

2047358145

2047358404

2047358516

2047358539

2047358581

2047358618

2047358665

2047358959

2047358976

2047359008

2047359113

2047359163

2047359318

2047359425

2047359457

2047359492

2047359517

2047359668

2047359966

2047359995

2047360126

2047360358

2047353096

2047356176

2047357224

2047358272

2047358511

2047358584

2047358670

2047358736

2047358965

2047358992

2047359070

2047359267

2047359323

2047359406

2047359469

2047359670

2047359687

2047359998

2047360137

2047360220

2047360284

2047360318

2047360382

2047360446

2047358244

2047358423

2047358515

2047358589

2047358659

2047358699

2047358990

2047359066

2047359123

2047359139

2047359149

2047359410

2047359465

2047359499

2047359655

2047359676

2047360006

2047360039

2047360073

2047360132

2047360209

2047360235

2047360440

2047374079

2047444423

2047356544

2047357614

2047358484

2047358569

2047358720

2047359013

2047359075

2047359132

2047359507

2047360099

2047360130

2047360160

2047360247

2047360316

2047360447

2047444271

2047357400

2047357904

2047357983

2047358130

2047358233

2047358561

2047358639

2047358975

2047359125

2047359230

2047359313

2047359320

2047359388

2047359397

2047359437

2047359688

2047359996

2047360070

2047360072

2047360226

2047360243

2047360299

2047360367

2047360391

2047447079

2047353709

2047356990

2047358010

2047358237

2047358394

2047358596

2047358649

2047359350

2047359433

2047359504

2047359999

2047360214

2047360449

2047377919

2047378231

2047451455

2047357821

2047358483

2047358697

2047359012

2047359087

2047359454

2047359528

2047359646

2047359662

2047359972

2047360064

2047360159

2047360369

2047360455

2047376973

2047377561

2047379358

2047380113

2047380332

2047380442

2047451713

2047356190

2047358961

2047359143

2047359244

2047359526

2047359985

2047360044

2047360157

2047360305

2047360444

2047378769

2047379765

2047356268

2047358529

2047359426

2047359451

2047359481

2047360057

2047360105

2047360306

2047360438

2047378340

2047379378

2047379517

2047379666

2047380369

2047387039

2047357864

2047359134

2047359448

2047360443

2047379838

2047379971

2047359402

2047360256

2047360282

2047360374

2047360433

2047379431

2047388482

2047359083

2047359468

2047360135

2047360303

2047360404

2047379526

2047386653

2047357345

2047359653

2047360302

2047360393

2047377513

2047379363

2047380302

2047387242

2047357633

2047359063

2047359429

2047360254

2047360403

2047454702

2047358260

2047358487

2047359667

2047390331

2047360387

2047379498

2047457106

2047443054

2047359446

2047360401

2047442257

2047360313

2047443311

2047458278

2047358250

2047360361

2047440676

2047459798

2047379497

2047444502

2047446055

2047446519

2047459191

2047380364

2047443058

2047444444

2047443417

2047445940

2047446339

2047446778

2047447008

2047463761

2047444868

2047445056

2047446253

2047447121

2047447394

2047447652

2047446787

2047446892

2047447067

2047466384

2047445930

2047447479

2047447892

2047448067

2047448215

2047448529

2047448586

2047448599

2047448838

2047448924

2047449210

2047449360

2047449380

2047449871

2047450026

2047444807

2047447086

2047448595

2047448921

2047449198

2047449262

2047449278

2047449370

2047449456

2047449664

2047449727

2047449837

2047449927

2047449998

2047450098

2047450151

2047468153

2047445479

2047447768

2047447863

2047448296

2047448613

2047448730

2047449028

2047449218

2047449298

2047449378

2047449634

2047449723

2047449985

2047450031

2047450397

2047450445

2047449899

2047445865

2047446521

2047447636

2047448229

2047448894

2047449473

2047449682

2047449846

2047446345

2047448197

2047449276

2047449348

2047449559

2047449995

2047445877

2047447720

2047447944

2047448890

2047449463

2047449654

2047449675

2047449907

2047450014

2047450091

2047450173

2047501649

2047448370

2047448585

2047449256

2047449689

2047449855

2047450005

2047450147

2047502531

2047447895

2047448819

2047449300

2047449567

2047450393

2047455734

2047502944

2047448175

2047449549

2047449993

2047450372

2047458467

2047448926

2047449655

2047450172

2047458492

2047458983

2047459069

2047503578

2047450451

2047504644

2047449290

2047449648

2047459890

2047504345

2047446336

2047447959

2047450017

2047456378

2047457566

2047505236

2047450107

2047458833

2047459248

2047459994

2047450117

2047459644

2047459716

2047460090

2047464591

2047506718

2047460235

2047466132

2047466391

2047467509

2047507689

2047459526

2047460274

2047464586

2047466013

2047467220

2047506757

2047465991

2047466532

2047468471

2047449106

2047450100

2047467447

2047467696

2047466068

2047466781

2047467479

2047468134

2047468401

2047468604

2047468690

2047468944

2047469008

2047469114

2047469224

2047467598

2047467940

2047468111

2047468211

2047468703

2047468956

2047469037

2047469103

2047469336

2047469545

2047469554

2047469765

2047469768

2047469810

2047469824

2047469861

2047469472

2047466082

2047466215

2047468187

2047468387

2047468583

2047468636

2047468697

2047468840

2047469004

2047469203

2047513583

2047466705

2047468647

2047469022

2047469343

2047469636

2047469710

2047469845

2047469877

2047470006

2047470071

2047470182

2047470276

2047470294

2047470364

2047470387

2047470397

2047467986

2047468646

2047469025

2047469344

2047469805

2047469961

2047470106

2047470184

2047470297

2047468480

2047468679

2047469353

2047469475

2047469546

2047469594

2047469756

2047469854

2047469998

2047470099

2047470289

2047470394

2047515751

2047468467

2047468637

2047469193

2047469357

2047469441

2047469690

2047469762

2047469796

2047470012

2047470046

2047470108

2047470171

2047470291

2047516212

2047448298

2047468664

2047469120

2047469176

2047469329

2047469948

2047469957

2047501473

2047502892

2047504336

2047517396

2047504537

2047468208

2047469989

2047470098

2047470290

2047470403

2047503411

2047503753

2047469676

2047469857

2047469962

2047470031

2047470378

2047470438

2047504313

2047469795

2047469990

2047470416

2047518964

2047468858

2047470109

2047470381

2047505589

2047520160

2047469099

2047469524

2047469744

2047470286

2047503743

2047504471

2047504560

2047506190

2047540671

2047504993

2047541190

2047508016

2047469536

2047504196

2047506851

2047507511

2047507613

2047507772

2047507961

2047508812

2047542547

2047504854

2047506670

2047506957

2047507524

2047507839

2047508070

2047508390

2047508400

2047508553

2047508651

2047508729

2047543342

2047469638

2047506898

2047507842

2047508147

2047508176

2047508514

2047508817

2047508851

2047508913

2047580729

2047507291

2047507882

2047508127

2047508753

2047509078

2047509151

2047509541

2047509808

2047470133

2047506317

2047506703

2047508077

2047508234

2047508362

2047509161

2047509231

2047510229

2047507682

2047508959

2047509190

2047509361

2047509596

2047509816

2047510090

2047510108

2047510223

2047581153

2047508382

2047508703

2047509282

2047509601

2047510072

2047510238

2047510254

2047581531

2047470115

2047507976

2047508656

2047508974

2047509213

2047509485

2047509661

2047509905

2047510087

2047510104

2047506712

2047507605

2047507853

2047508488

2047508758

2047510101

2047510296

2047508981

2047509500

2047509807

2047510088

2047510434

2047510399

2047518037

2047583370

2047519444

2047508226

2047507276

2047509731

2047510063

2047519304

2047520193

2047519557

2047510396

2047542361

2047520434

2047508236

2047510407

2047518182

2047519666

2047520116

2047585477

2047508132

2047510427

2047543318

2047585612

2047509531

2047510067

2047543083

2047585782

2047519156

2047544985

2047508948

2047509516

2047509913

2047543084

2047544285

2047544607

2047544664

2047544745

2047544898

2047545159

2047544692

2047545763

2047544716

2047545081

2047545244

2047545254

2047545379

2047545387

2047545445

2047545579

2047545604

2047545756

2047587388

2047545478

2047544095

2047544524

2047544886

2047544991

2047545169

2047587459

2047546499

2047545054

2047545376

2047545422

2047545437

2047545455

2047545480

2047545548

2047545750

2047545764

2047545852

2047545970

2047545985

2047546017

2047546071

2047546357

2047546434

2047587783

2047546355

2047544894

2047545309

2047545492

2047545611

2047545686

2047545803

2047545876

2047545969

2047546033

2047546139

2047546201

2047546028

2047544277

2047544599

2047544802

2047545312

2047545436

2047545614

2047545679

2047545939

2047588449

2047546694

2047544592

2047545087

2047545153

2047545311

2047545527

2047545573

2047545607

2047546021

2047546179

2047546196

2047546227

2047546262

2047546342

2047546420

2047546433

2047546523

2047546562

2047546572

2047546663

2047544496

2047545397

2047545539

2047545762

2047545774

2047545846

2047545948

2047546061

2047546279

2047588678

2047546937

2047545307

2047545433

2047545690

2047545817

2047545975

2047546053

2047546291

2047546417

2047546429

2047546489

2047546532

2047546692

2047546707

2047546730

2047546741

2047546782

2047546904

2047547253

2047545154

2047545615

2047545825

2047546022

2047546116

2047546211

2047546522

2047546654

2047546664

2047546695

2047546725

2047546742

2047546914

2047546931

2047547007

2047547057

2047547072

2047547125

2047547184

2047547447

2047589212

2047545488

2047545857

2047546078

2047546350

2047546491

2047546515

2047546690

2047546792

2047546907

2047546995

2047547027

2047547134

2047547185

2047547303

2047547328

2047547401

2047547417

2047589247

2047547664

2047545080

2047545383

2047545812

2047545871

2047546406

2047546557

2047546666

2047546796

2047546880

2047546923

2047547029

2047547059

2047547192

2047547307

2047547496

2047547508

2047545251

2047545836

2047545931

2047546111

2047546198

2047546272

2047546411

2047546483

2047546671

2047546749

2047546823

2047546929

2047547012

2047547065

2047547186

2047547259

2047547340

2047547547

2047547662

2047547892

2047547990

2047548044

2047589796

2047547671

2047546044

2047546171

2047546358

2047546428

2047546432

2047546702

2047546930

2047547015

2047547054

2047547140

2047547197

2047547281

2047547428

2047547541

2047547668

2047589858

2047544379

2047545377

2047545822

2047546178

2047546265

2047546490

2047546795

2047546881

2047546940

2047546989

2047547061

2047547142

2047547155

2047547245

2047547422

2047547512

2047590411

2047547900

2047545702

2047546476

2047546569

2047546873

2047546987

2047547020

2047547152

2047547189

2047547258

2047547288

2047547416

2047547513

2047547536

2047547661

2047547689

2047547715

2047546123

2047546339

2047546488

2047546740

2047546918

2047547030

2047547074

2047547132

2047547654

2047547696

2047547899

2047547960

2047547977

2047548084

2047548789

2047545156

2047546729

2047546791

2047547295

2047547424

2047547452

2047547542

2047547694

2047547714

2047547909

2047547971

2047548030

2047548055

2047548091

2047548343

2047548353

2047548412

2047548536

2047548627

2047548362

2047590249

2047546933

2047547070

2047547146

2047547304

2047547462

2047547500

2047547517

2047547665

2047547717

2047547914

2047547979

2047548000

2047548007

2047548126

2047548197

2047548261

2047548286

2047548350

2047548796

2047545761

2047545993

2047546560

2047546710

2047547009

2047547345

2047547399

2047547549

2047547756

2047548054

2047548139

2047548207

2047548257

2047548292

2047548380

2047548444

2047548504

2047548575

2047548591

2047548798

2047547349

2047547449

2047547910

2047548041

2047548148

2047548250

2047548283

2047548370

2047548482

2047548623

2047546505

2047546836

2047547691

2047548159

2047548244

2047548248

2047548263

2047548356

2047548382

2047548485

2047548543

2047548546

2047548581

2047548736

2047548754

2047548891

2047548946

2047549720

2047548902

2047546842

2047547455

2047547770

2047547943

2047548003

2047548088

2047548205

2047548279

2047548296

2047548385

2047548489

2047548492

2047548806

2047599423

2047547693

2047548040

2047548157

2047548206

2047548264

2047548435

2047548487

2047548586

2047548884

2047548998

2047549078

2047549222

2047549444

2047599823

2047546668

2047547663

2047547912

2047547964

2047548060

2047548351

2047548493

2047548578

2047548625

2047548751

2047548787

2047548870

2047548898

2047548943

2047549190

2047549367

2047549431

2047600364

2047546780

2047547773

2047547836

2047547907

2047548145

2047548437

2047548496

2047548584

2047548732

2047548882

2047549180

2047630490

2047547938

2047547978

2047548140

2047548234

2047548535

2047548729

2047548752

2047548936

2047548990

2047549089

2047549433

2047549493

2047549790

2047549821

2047550167

2047547897

2047547985

2047548078

2047548746

2047548804

2047549131

2047549483

2047549511

2047549645

2047549715

2047550049

2047547551

2047548499

2047548617

2047548887

2047549085

2047549186

2047549349

2047549353

2047549505

2047549574

2047549587

2047549591

2047549745

2047549819

2047550139

2047548275

2047548439

2047548626

2047548888

2047548954

2047548981

2047549113

2047549243

2047549350

2047549363

2047549486

2047549658

2047549732

2047550020

2047550058

2047632298

2047547901

2047548383

2047548539

2047549083

2047549118

2047549177

2047549513

2047549593

2047549737

2047549753

2047550024

2047550051

2047550333

2047547558

2047548266

2047548956

2047549073

2047549229

2047549435

2047549504

2047549654

2047549740

2047549829

2047550029

2047550146

2047550318

2047546789

2047547998

2047548748

2047549221

2047549235

2047549365

2047549499

2047549578

2047549778

2047549824

2047550019

2047550136

2047550180

2047550184

2047632292

2047548618

2047548731

2047549224

2047549651

2047549710

2047549746

2047549823

2047550054

2047550093

2047550334

2047547702

2047549577

2047549638

2047549650

2047549714

2047549747

2047549813

2047550055

2047550178

2047546996

2047549775

2047549784

2047549807

2047549833

2047550086

2047550106

2047550154

2047550263

2047550307

2047550319

2047550332

2047547752

2047549097

2047549237

2047549636

2047549750

2047550023

2047550060

2047550138

2047550185

2047550261

2047550291

2047550322

2047589003

2047634290

2047549656

2047549719

2047550025

2047550083

2047550168

2047550257

2047550306

2047548278

2047549079

2047549834

2047550062

2047550094

2047550295

2047641027

2047549585

2047549791

2047550300

2047548002

2047549825

2047550144

2047550175

2047550297

2047550028

2047642691

2047550017

2047550090

2047550393

2047550301

2047600255

2047642993

2047549788

2047550088

2047550320

2047643690

2047632253

2047550162

2047632670

2047549501

2047550294

2047633981

2047644461

2047550331

2047633470

2047633713

2047550323

2047631361

2047633097

2047633304

2047644001

2047632247

2047633312

2047644931

2047633133

2047633252

2047633931

2047644776

2047633628

2047633920

2047634297

2047645063

2047632169

2047633926

2047633966

2047645784

2047634711

2047633505

2047634279

2047645775

2047634426

2047634708

2047634729

2047634737

2047635032

2047635633

2047635109

2047635359

2047635630

2047634374

2047635332

2047635483

2047635512

2047646226

2047634282

2047634629

2047634685

2047634995

2047635079

2047635936

2047646554

2047634736

2047634899

2047635158

2047635272

2047635672

2047646783

2047635123

2047636332

2047646228

2047635663

2047636102

2047636175

2047635670

2047636111

2047636180

2047636344

2047636406

2047636603

2047636674

2047636688

2047636730

2047636680

2047634506

2047634910

2047635664

2047635876

2047636389

2047636617

2047637097

2047635945

2047636606

2047636796

2047636806

2047636884

2047637036

2047637044

2047647547

2047633900

2047634624

2047636278

2047636513

2047636990

2047637023

2047637306

2047637356

2047637383

2047647850

2047637992

2047636170

2047636559

2047637272

2047637351

2047637416

2047637549

2047637760

2047637817

2047637875

2047638000

2047635944

2047636178

2047636591

2047636905

2047637257

2047637395

2047637515

2047637663

2047637671

2047637690

2047637757

2047637789

2047637822

2047637855

2047637988

2047647836

2047637096

2047635825

2047636104

2047636428

2047636675

2047634984

2047636924

2047637123

2047637369

2047637446

2047637526

2047637535

2047637645

2047637669

2047637862

2047638100

2047648268

2047638192

2047637534

2047638016

2047638642

2047648576

2047637159

2047637391

2047637643

2047638268

2047638473

2047638541

2047638640

2047638515

2047648709

2047636368

2047636668

2047637098

2047637342

2047638134

2047638450

2047637376

2047637779

2047637827

2047637993

2047638103

2047638382

2047638475

2047638695

2047638706

2047638759

2047649303

2047638833

2047637668

2047637784

2047637857

2047637989

2047638086

2047638353

2047638438

2047638552

2047638748

2047635885

2047638043

2047638270

2047638836

2047638960

2047639023

2047639132

2047638897

2047637460

2047638616

2047638815

2047638847

2047639026

2047649931

2047635563

2047638320

2047638468

2047638549

2047638639

2047638694

2047638745

2047638820

2047638832

2047638855

2047638989

2047637693

2047637870

2047638013

2047638200

2047638548

2047639045

2047639573

2047638348

2047638466

2047638547

2047638864

2047639318

2047639380

2047639554

2047640105

2047638865

2047638885

2047638940

2047639085

2047639376

2047639405

2047639467

2047639732

2047639823

2047639923

2047639999

2047640055

2047638690

2047639247

2047639290

2047639595

2047639734

2047639908

2047639995

2047653685

2047638807

2047639194

2047639258

2047639473

2047639549

2047639604

2047639650

2047639814

2047639869

2047640424

2047639099

2047639159

2047639594

2047639752

2047639863

2047639962

2047640053

2047640203

2047640250

2047640417

2047700740

2047640107

2047637638

2047637994

2047638964

2047639385

2047639437

2047639512

2047639779

2047639822

2047639973

2047639377

2047639399

2047639691

2047639750

2047639787

2047639966

2047640230

2047639602

2047639703

2047639909

2047639971

2047639998

2047640221

2047640278

2047640341

2047638357

2047639404

2047639725

2047639921

2047639968

2047640027

2047640056

2047701259

2047639332

2047639648

2047640057

2047640122

2047701408

2047638760

2047640161

2047640246

2047701636

2047639967

2047640187

2047702079

2047640026

2047640112

2047702416

2047702649

2047639739

2047653729

2047640251

2047647966

2047653810

2047650030

2047702651

2047653974

2047639991

2047653865

2047703260

2047654501

2047653783

2047654019

2047654280

2047654295

2047654313

2047654092

2047653902

2047654725

2047654551

2047654591

2047654808

2047654423

2047654431

2047654443

2047654571

2047654682

2047654743

2047653736

2047653885

2047654466

2047654684

2047654849

2047654908

2047654999

2047655067

2047704138

2047654246

2047654461

2047654492

2047654612

2047654730

2047654442

2047654579

2047654608

2047654794

2047654837

2047654931

2047655018

2047655051

2047655206

2047655218

2047654440

2047654809

2047654848

2047654869

2047654927

2047655242

2047655385

2047655432

2047655531

2047655604

2047655420

2047654445

2047654600

2047654852

2047655130

2047655202

2047655270

2047655369

2047655367

2047654617

2047654799

2047654871

2047654951

2047655034

2047655060

2047655166

2047655214

2047655441

2047654598

2047654881

2047654959

2047655053

2047655072

2047655112

2047655197

2047655272

2047655362

2047654659

2047654884

2047655172

2047655205

2047655361

2047655438

2047655497

2047704929

2047655551

2047654732

2047655076

2047655213

2047655275

2047655381

2047655429

2047655519

2047654435

2047654637

2047654933

2047655167

2047655219

2047655301

2047655343

2047655670

2047655754

2047656149

2047654454

2047654899

2047655039

2047655276

2047655423

2047655522

2047655667

2047655784

2047655810

2047655898

2047656057

2047655363

2047655521

2047655547

2047655602

2047655713

2047655782

2047656128

2047654765

2047655198

2047655603

2047655638

2047655845

2047655875

2047655963

2047656104

2047656094

2047654689

2047654954

2047655430

2047655601

2047655841

2047655988

2047656072

2047655866

2047655980

2047656031

2047656144

2047656260

2047656305

2047655083

2047655114

2047655279

2047655721

2047655779

2047655939

2047655959

2047655964

2047655991

2047656059

2047656088

2047705631

2047655989

2047655045

2047655241

2047655387

2047655527

2047655807

2047655933

2047705762

2047655334

2047655520

2047655717

2047655868

2047655981

2047656054

2047656107

2047656130

2047656262

2047656299

2047656416

2047655605

2047655837

2047655850

2047655903

2047656204

2047656255

2047656261

2047656277

2047656455

2047656484

2047656544

2047655307

2047655388

2047655664

2047655864

2047655943

2047655958

2047656187

2047656214

2047656371

2047656414

2047656662

2047706311

2047655518

2047655775

2047655992

2047656060

2047656074

2047656225

2047656467

2047656537

2047656666

2047655418

2047655633

2047656217

2047656282

2047656335

2047656450

2047656458

2047656594

2047655199

2047655844

2047655993

2047656089

2047656286

2047656324

2047656380

2047656521

2047656686

2047706592

2047655785

2047656369

2047656483

2047706452

2047655725

2047656093

2047656254

2047656273

2047656429

2047656522

2047656586

2047656763

2047655751

2047656095

2047656220

2047656802

2047656912

2047656206

2047656279

2047656332

2047656446

2047656468

2047656516

2047656591

2047656681

2047656731

2047656822

2047656836

2047656886

2047657024

2047656281

2047656479

2047656704

2047656735

2047656785

2047656835

2047656931

2047656967

2047656367

2047656701

2047656795

2047656824

2047656865

2047656911

2047656509

2047656674

2047656734

2047656907

2047656966

2047656995

2047655862

2047656053

2047656519

2047656651

2047656871

2047656839

2047656913

2047656965

2047656980

2047657026

2047657126

2047656179

2047656678

2047656781

2047707700

2047656783

2047656932

2047657070

2047657125

2047657321

2047656799

2047656841

2047656962

2047657162

2047656513

2047656867

2047656945

2047705029

2047656883

2047657119

2047657198

2047657320

2047656820

2047657217

2047657263

2047657323

2047657343

2047656840

2047656906

2047657220

2047656930

2047657190

2047657418

2047705654

2047656868

2047656982

2047657163

2047657292

2047657311

2047657478

2047657296

2047657423

2047657465

2047657289

2047657340

2047706415

2047657165

2047657422

2047657554

2047657166

2047657332

2047657419

2047657548

2047657581

2047657634

2047657221

2047657106

2047657312

2047657341

2047657526

2047657669

2047657440

2047657464

2047657531

2047657578

2047657688

2047657218

2047657529

2047657681

2047657549

2047657635

2047657795

2047657832

2047657940

2047657528

2047657562

2047657841

2047657959

2047656830

2047657437

2047657601

2047657941

2047707595

2047657287

2047657716

2047657896

2047657984

2047657533

2047657582

2047657723

2047657838

2047657996

2047658081

2047657604

2047657667

2047657734

2047657902

2047657955

2047657997

2047658044

2047657523

2047657606

2047657671

2047657903

2047657912

2047657976

2047658078

2047658171

2047658232

2047657591

2047657910

2047657953

2047657982

2047658107

2047658206

2047658276

2047657684

2047657796

2047658009

2047658097

2047657518

2047657737

2047658035

2047658125

2047658187

2047658229

2047658252

2047657665

2047657951

2047658167

2047658110

2047657831

2047657887

2047657920

2047657932

2047658048

2047658099

2047657543

2047658098

2047658193

2047657892

2047657934

2047658094

2047658340

2047658494

2047658090

2047658234

2047658311

2047658388

2047658456

2047658485

2047658109

2047658165

2047658438

2047658499

2047658612

2047658368

2047658082

2047658314

2047657890

2047658128

2047658352

2047658423

2047658531

2047658581

2047658233

2047658346

2047658440

2047658497

2047658534

2047658170

2047658347

2047658410

2047658427

2047658442

2047658533

2047658662

2047718908

2047658309

2047658373

2047658466

2047658578

2047658652

2047658660

2047658706

2047719079

2047658188

2047658383

2047658691

2047718970

2047658316

2047658415

2047658527

2047658254

2047658586

2047658611

2047658737

2047658455

2047658588

2047658671

2047658414

2047658591

2047658692

2047658764

2047658811

2047719757

2047658384

2047658713

2047658856

2047658947

2047658667

2047658842

2047720038

2047658590

2047658703

2047658830

2047720043

2047658663

2047658734

2047658092

2047658345

2047658650

2047658759

2047658715

2047658783

2047658909

2047658704

2047658962

2047659069

2047730943

2047658700

2047658785

2047710350

2047731227

2047658988

2047659067

2047730710

2047658999

2047731514

2047659010

2047659014

2047731619

2047659211

2047659084

2047659130

2047731911

2047659049

2047659127

2047659135

2047659181

2047658887

2047659111

2047732010

2047659108

2047659157

2047659178

2047732332

2047658924

2047658949

2047732325

2047659263

2047659385

2047659136

2047659180

2047659311

2047659405

2047659190

2047732664

2047659355

2047659156

2047659015

2047659159

2047659266

2047659182

2047659312

2047659328

2047659358

2047659131

2047659383

2047658989

2047659137

2047659393

2047659460

2047659366

2047659494

2047659547

2047733484

2047659326

2047659416

2047659139

2047659593

2047741495

2047659537

2047659542

2047659592

2047659407

2047659671

2047659572

2047659613

2047659412

2047659463

2047659597

2047659665

2047659565

2047659664

2047659354

2047659461

2047659570

2047741657

2047659632

2047659729

2047732505

2047659634

2047659693

2047659596

2047659327

2047659546

2047659624

2047659628

2047659669

2047659595

2047659616

2047659695

2047659727

2047659609

2047659732

2047659512

2047659621

2047659688

2047659751

2047659644

2047659742

2047733550

2047659879

2047733277

2047733547

2047659700

2047659740

2047659797

2047659908

2047660023

2047659679

2047659733

2047659989

2047659975

2047659998

2047660026

2047659683

2047659723

2047659895

2047659974

2047659876

2047659898

2047659894

2047659959

2047733509

2047659875

2047659960

2047660025

2047660120

2047660145

2047660160

2047660262

2047734717

2047660163

2047659825

2047659920

2047660144

2047734277

2047660210

2047734142

2047659922

2047660202

2047659976

2047660159

2047660379

2047742902

2047659991

2047660205

2047660259

2047660281

2047660306

2047660366

2047660395

2047659995

2047660308

2047660254

2047660371

2047743648

2047660125

2047660198

2047660309

2047660368

2047660450

2047660156

2047660378

2047734322

2047734270

2047660434

2047743771

2047660124

2047660222

2047660351

2047733731

2047660050

2047660354

2047734109

2047660219

2047660302

2047744338

2047660280

2047660377

2047734843

2047734967

2047660194

2047660358

2047660375

2047660454

2047660328

2047660393

2047744282

2047660384

2047660448

2047734927

2047744271

2047660199

2047660391

2047660251

2047735424

2047744096

2047735422

2047735387

2047735208

2047735383

2047735494

2047735934

2047735442

2047735558

2047735574

2047735643

2047735704

2047735835

2047735855

2047736030

2047744490

2047660373

2047735620

2047735886

2047735941

2047735979

2047736065

2047744886

2047735680

2047735750

2047735982

2047745044

2047735832

2047735565

2047735623

2047735802

2047736028

2047736294

2047734575

2047735484

2047735660

2047736057

2047736184

2047735616

2047735708

2047736150

2047736430

2047736473

2047735368

2047736729

2047745425

2047735943

2047736315

2047736475

2047736522

2047745004

2047745174

2047736352

2047736033

2047736043

2047736295

2047735508

2047736113

2047736437

2047736115

2047736637

2047736187

2047736533

2047736605

2047745621

2047745554

2047736278

2047745809

2047736285

2047736730

2047736597

2047736627

2047736471

2047745821

2047736965

2047737030

2047737086

2047745855

2047736926

2047737244

2047737395

2047737426

2047737085

2047745764

2047736785

2047746218

2047736739

2047737307

2047746146

2047737245

2047737510

2047736636

2047736780

2047737298

2047737604

2047746551

2047737379

2047737387

2047737603

2047746249

2047736321

2047737956

2047737578

2047737845

2047746973

2047737386

2047737620

2047738049

2047737634

2047737653

2047738084

2047746740

2047737912

2047737973

2047737246

2047738298

2047746707

2047738032

2047738297

2047746950

2047737016

2047737611

2047737667

2047737731

2047738007

2047737441

2047737713

2047747322

2047738395

2047747275

2047738000

2047738069

2047738222

2047738314

2047747404

2047738078

2047747132

2047738057

2047738496

2047738500

2047739079

2047738933

2047739064

2047739098

2047747821

2047738709

2047738731

2047738841

2047738913

2047738994

2047738168

2047738642

2047747987

2047738306

2047738406

2047738615

2047738637

2047738759

2047738827

2047738914

2047739019

2047738466

2047748057

2047739170

2047738575

2047739100

2047747844

2047739183

2047747734

2047739026

2047739077

2047739149

2047738224

2047748092

2047738915

2047748269

2047738171

2047738467

2047739028

2047748405

2047739700

2047739196

2047739358

2047739477

2047739698

2047748731

2047739115

2047739378

2047739652

2047739500

2047739668

2047739737

2047749002

2047739294

2047739446

2047739821

2047739923

2047739502

2047739185

2047739815

2047740013

2047740136

2047739729

2047739976

2047739517

2047739603

2047772015

2047740322

2047739507

2047739299

2047739377

2047739647

2047739971

2047740455

2047739675

2047739884

2047740051

2047772669

2047739933

2047740021

2047780771

2047739699

2047740384

2047740251

2047781257

2047749386

2047749252

2047749651

2047781913

2047749538

2047782143

2047749381

2047782224

2047749416

2047750219

2047749953

2047749876

2047750348

2047750453

2047783354

2047749667

2047772976

2047750167

2047750301

2047783610

2047772930

2047784023

2047783813

2047773615

2047773275

2047773433

2047773450

2047773588

2047773427

2047773459

2047773294

2047773332

2047773404

2047773578

2047773545

2047785483

2047773387

2047785484

2047773523

2047773292

2047773420

2047773414

2047773684

2047773717

2047773686

2047773903

2047773753

2047773852

2047773900

2047773971

2047773683

2047773760

2047773388

2047773995

2047773709

2047773747

2047774044

2047773957

2047786423

2047786915

2047774196

2047773618

2047774118

2047774169

2047773958

2047773586

2047773986

2047787383

2047774514

2047773870

2047774271

2047774310

2047774418

2047774471

2047774301

2047774454

2047774733

2047787428

2047774474

2047774536

2047774607

2047774634

2047774691

2047774508

2047774076

2047774421

2047773894

2047774303

2047774721

2047787963

2047774386

2047774540

2047774575

2047774519

2047787978

2047774250

2047774411

2047788369

2047774004

2047774515

2047774542

2047774727

2047787951

2047788069

2047788542

2047788312

2047774583

2047774505

2047774974

2047788670

2047774875

2047788962

2047774731

2047774218

2047789578

2047775496

2047775455

2047775483

2047789653

2047775105

2047775432

2047775231

2047775702

2047775999

2047790079

2047774394

2047775728

2047797824

2047776487

2047775704

2047776259

2047776349

2047776469

2047797476

2047776002

2047776026

2047776520

2047798145

2047776027

2047776267

2047776398

2047776426

2047776444

2047797659

2047798250

2047798989

2047798408

2047799857

2047776239

2047800158

2047776352

2047777100

2047777191

2047777249

2047799515

2047800400

2047776929

2047800235

2047776665

2047777104

2047777195

2047777124

2047776720

2047776954

2047776978

2047803001

2047776769

2047803038

2047777520

2047777550

2047777595

2047777678

2047777708

2047803050

2047777323

2047777545

2047777122

2047804519

2047777819

2047776714

2047777526

2047804977

2047777322

2047805645

2047777877

2047777743

2047777244

2047806734

2047777862

2047807802

2047779239

2047778143

2047778713

2047779043

2047779191

2047807320

2047807794

2047777480

2047778148

2047778729

2047807835

2047779300

2047779042

2047779224

2047779542

2047778356

2047779217

2047779256

2047779396

2047779535

2047809218

2047809090

2047779299

2047779027

2047779507

2047780076

2047779105

2047779835

2047780071

2047816629

2047816964

2047779202

2047817954

2047780257

2047780154

2047819485

2047821131

2047822254

2047822771

2047823585

2047830460

2047806332

2047831170

2047833494

2047817476

2047817220

2047816554

2047836520

2047836748

2047838982

2047839302

2047822694

2047823903

2047840025

2047845127

2047846894

2047848976

2047850022

2047825856

2047824343

2047827245

2047825870

2047826038

2047826827

2047826994

2047827136

2047825812

2047826826

2047852008

2047826235

2047853118

2047827648

2047827007

2047827068

2047827329

2047827530

2047825486

2047854317

2047854500

2047826252

2047856223

2047823017

2047856747

2047827269

2047857516

2047858017

2047857934

2047827345

2047827538

2047827711

2047859651

2047827305

2047860267

2047827534

2047865309

2047866409

2047829691

2047829880

2047830050

2047830343

2047867423

2047867514

2047868557

2047830357

2047870372

2047882957

2047885071

2047886850

2047901803

2047903941

2047907235

2047907878

2047908012

2047909013

2047910242

2047916890

2047917244

2047919318

2047922277

2047884924

2047922094

2047924784

2047925701

2047927287

2047927617

2047928827

2047889386

2047931966

2047935120

2047937286

2047937670

2047940054

2047947366

2047947358

2047951683

2047951893

2047952290

2047952069

2047953523

2047955402

2047925737

2047956599

2047956365

2047959191

2047963353

2047964838

2047966681

2047968556

2047968796

2047936729

2047969940

2047982255

2047938977

2047984456

2047947652

2047947954

2047948226

2047989077

2047949725

2047989732

2047948705

2047992780

2047994003

2047994822

2047996339

2047996658

2048003557

2048004542

2048005580

2048007374

2047960440

2047958002

2048009265

2048010392

2048012346

2048014729

2048017950

2048018381

2048019014

2047988415

2048021892

2048023929

2048026635

2047988384

2047989308

2048028302

2048031582

2048031450

2048033413

2048035460

2048035034

2048000137

2048042804

2048045398

2048048235

2048049535

2048000141

2047999757

2048057000

2048057870

2048058267

2048060035

2048061542

2048028418

2048061726

2048066425

2048027869

2048030342

2048068487

2048069510

2048038222

2048038802

2048039401

2048039648

2048039652

2048083663

2048084278

2048040046

2048086163

2048036625

2048087718

2048039274

2048087854

2048049722

2048089160

2048089715

2048092635

2048095873

2048099594

2048100446

2048102704

2048105166

2048106858

2048069984

2048074559

2048075839

2048076024

2048076408

2048110463

2048078693

2048114153

2048075797

2048076607

2048078551

2048114241

2048077156

2048116170

2048077162

2048077238

2048117226

2048076110

2048078880

2048079443

2048078920

2048080061

2048119627

2048077991

2048123594

2048125171

2048079400

2048080085

2048075513

2048126286

2048127010

2048078821

2048128417

2048129866

2048133534

2048079602

2048134797

2048138096

2048103506

2048108817

2048139170

2048112041

2048140265

2048106820

2048110206

2048108658

2048149246

2048149609

2048117964

2048118227

2048119644

2048125333

2048153931

2048160837

2048164878

2048164190

2048129319

2048165954

2048168027

2048125359

2048129651

2048127638

2048169990

2048128703

2048171967

2048130332

2048135842

2048179990

2048148816

2048149489

2048184662

2048186464

2048186488

2048188340

2048149079

2048155839

2048156356

2048156506

2048193098

2048159458

2048195649

2048153132

2048157493

2048157767

2048158006

2048158173

2048158402

2048158652

2048158712

2048158728

2048159291

2048159337

2048157779

2048158468

2048157969

2048155913

2048156043

2048156338

2048158066

2048158171

2048158209

2048159100

2048159303

2048156494

2048202281

2048203486

2048155909

2048159292

2048159579

2048160443

2048158743

2048159580

2048160439

2048160330

2048168630

2048211423

2048210545

2048159526

2048160367

2048213645

2048160318

2048184240

2048219410

2048222205

2048189331

2048229843

2048190189

2048194722

2048197080

2048232444

2048234325

2048234931

2048205532

2048209277

2048242597

2048207851

2048207637

2048207632

2048208065

2048209531

2048244174

2048248557

2048208757

2048208768

2048250291

2048209514

2048210330

2048257933

2048209906

2048210349

2048219400

2048230047

2048261964

2048209878

2048264364

2048265798

2048210197

2048234396

2048234676

2048267786

2048237180

2048233273

2048206988

2048236125

2048272330

2048236864

2048239416

2048239769

2048240011

2048275370

2048237588

2048279172

2048247816

2048249353

2048238607

2048249229

2048255960

2048286100

2048245664

2048248648

2048291317

2048291653

2048257464

2048264937

2048296312

2048268338

2048265042

2048268056

2048299386

2048267705

2048268178

2048265341

2048265561

2048267408

2048267438

2048267504

2048267920

2048269121

2048269872

2048307184

2048262114

2048308519

2048266924

2048270014

2048267950

2048270182

2048270074

2048275705

2048312771

2048270096

2048315504

2048289275

2048315901

2048285266

2048285594

2048287138

2048287379

2048287948

2048288225

2048289209

2048286555

2048288395

2048323374

2048287110

2048287924

2048288387

2048288710

2048289406

2048289719

2048289930

2048290105

2048269918

2048324457

2048284830

2048288505

2048289062

2048289769

2048289923

2048290173

2048291145

2048325074

2048326905

2048288401

2048289296

2048289550

2048289907

2048290266

2048292064

2048293287

2048328437

2048300009

2048290100

2048290271

2048298167

2048298378

2048299642

2048328886

2048290189

2048290192

2048292079

2048295718

2048296586

2048297716

2048298308

2048299693

2048330313

2048308099

2048290278

2048295933

2048297171

2048297863

2048299041

2048300311

2048287537

2048330976

2048309078

2048287389

2048289611

2048333817

2048299703

2048299931

2048306587

2048307278

2048287921

2048289283

2048312660

2048306591

2048307395

2048307471

2048308096

2048309028

2048309934

2048294747

2048336931

2048308933

2048309225

2048309616

2048338700

2048316045

2048308123

2048308540

2048308975

2048310034

2048311624

2048316014

2048300404

2048317215

2048420460

2048309244

2048313006

2048314491

2048314923

2048315001

2048315229

2048315503

2048318662

2048309615

2048311862

2048312691

2048313397

2048315524

2048316148

2048316883

2048316978

2048317181

2048320025

2048424704

2048315193

2048315540

2048315680

2048315959

2048316100

2048316840

2048316936

2048317374

2048317656

2048317966

2048318097

2048318145

2048318337

2048318380

2048425791

2048313053

2048314498

2048315930

2048316050

2048316535

2048316927

2048316970

2048317193

2048317475

2048317879

2048317923

2048318001

2048318120

2048318367

2048318692

2048318743

2048318857

2048319302

2048319333

2048319484

2048319560

2048319608

2048319662

2048319723

2048319728

2048319766

2048319774

2048319884

2048319930

2048319937

2048307780

2048308032

2048426812

2048429409

2048314482

2048315509

2048316490

2048317100

2048317520

2048317556

2048317843

2048317969

2048318709

2048318862

2048319095

2048319313

2048319613

2048319619

2048319660

2048319880

2048319916

2048320015

2048320076

2048320271

2048320400

2048320437

2048314287

2048314449

2048315933

2048316830

2048317184

2048317795

2048318374

2048318752

2048318787

2048319105

2048319548

2048319573

2048319638

2048319730

2048319769

2048319938

2048320417

2048320448

2048323804

2048315533

2048317541

2048317602

2048317698

2048317878

2048317927

2048317994

2048318719

2048319304

2048319891

2048319918

2048320021

2048320238

2048325184

2048325625

2048327231

2048328501

2048328929

2048315215

2048316989

2048317781

2048318102

2048318345

2048318661

2048318711

2048319541

2048319568

2048319758

2048320431

2048327187

2048327772

2048316965

2048317332

2048540658

2048317748

2048317844

2048317926

2048318303

2048318867

2048543404

2048319704

2048319914

2048319940

2048320029

2048320048

2048325596

2048329280

2048329884

2048329920

2048316013

2048318086

2048319088

2048544261

2048319515

2048320080

2048325589

2048326679

2048326964

2048329994

2048333978

2048316924

2048317188

2048317661

2048319108

2048319354

2048319674

2048319889

2048546391

2048320441

2048326868

2048333722

2048335623

2048337659

2048316966

2048318647

2048319717

2048320392

2048547230

2048335528

2048338948

2048339221

2048316126

2048549376

2048424425

2048338028

2048338742

2048552506

2048336896

2048423814

2048424032

2048317526

2048318640

2048319569

2048319629

2048338848

2048340412

2048421364

2048330391

2048556868

2048426686

2048339334

2048340370

2048422188

2048423141

2048424016

2048424525

2048425017

2048425413

2048426582

2048426704

2048426782

2048427257

2048427449

2048427490

2048427810

2048428009

2048428101

2048428241

2048319460

2048320264

2048557390

2048320279

2048560029

2048339815

2048420509

2048424142

2048424383

2048425346

2048425419

2048426044

2048426251

2048426820

2048426921

2048426944

2048424097

2048425826

2048427143

2048427441

2048428470

2048428651

2048428721

2048428819

2048429082

2048429112

2048429218

2048429944

2048430203

2048422544

2048424388

2048425001

2048426943

2048428149

2048428471

2048428656

2048429344

2048430045

2048430131

2048430178

2048427796

2048428740

2048429439

2048429510

2048426011

2048426986

2048428159

2048428713

2048615796

2048423499

2048426024

2048427460

2048428032

2048428631

2048430060

2048424255

2048618857

2048429975

2048618810

2048430025

2048424573

2048426751

2048544339

2048420487

2048429936

2048627158

2048628706

2048545415

2048630464

2048547800

2048558534

2048429380

2048633452

2048634683

2048545889

2048547918

2048635635

2048549773

2048429721

2048641327

2048556516

2048559744

2048548009

2048643272

2048645092

2048558752

2048645954

2048557393

2048559270

2048559648

2048648633

2048558888

2048660426

2048664499

2048666554

2048672234

2048636824

2048638455

2048673404

2048676612

2048676717

2048637321

2048638365

2048639617

2048677271

2048638789

2048638950

2048679274

2048685635

2048648606

2048689266

2048692965

2048693960

2048695251

2048695467

2048697023

2048703768

2048634640

2048663705

2048708485

2048670071

2048667829

2048668722

2048668908

2048714249

2048716307

2048718648

2048719574

2048721155

2048670453

2048724664

2048725012

2048727089

2048728893

2048733190

2048738237

2048742804

2048745145

2048745865

2048747913

2048748418

2048753958

2048757859

2048765211

2048769531

2048769508

2048734989

2048772334

2048774186

2048773632

2048744656

2048775890

2048777295

2048747712

2048780528

2048785664

2048786657

2048749646

2048749845

2048748832

2048749086

2048788472

2048789382

2048748843

2048750110

2048795737

2048798769

2048810623

2048814568

2048815630

2048774255

2048776287

2048757469

2048817462

2048776133

2048776830

2048773841

2048776606

2048823668

2048776803

2048779313

2048779787

2048780057

2048824410

2048788196

2048779674

2048780222

2048780433

2048825677

2048827779

2048778616

2048779760

2048779859

2048829328

2048778939

2048779766

2048790214

2048780046

2048788900

2048780050

2048790217

2048863826

2048780119

2048865755

2048866344

2048799146

2048799471

2048880645

2048815322

2048787646

2048788888

2048883769

2048800198

2048799779

2048882925

2048812974

2048817130

2048817463

2048886533

2048813787

2048886178

2048819729

2048818398

2048887926

2048818279

2048819493

2048819601

2048890213

2048818859

2048819130

2048819701

2048820331

2048817956

2048828062

2048817609

2048912116

2048915410

2048917601

2048819237

2048819831

2048820328

2048828544

2048918096

2048961552

2048868425

2048962096

2048828441

2048867085

2048867711

2048868205

2048868411

2048867871

2048868180

2048964461

2048865640

2048967000

2048966799

2048868608

2048868670

2048869156

2048869558

2048870356

2048870374

2048966395

2048867467

2048869063

2048869522

2048885060

2048867699

2048868118

2048868198

2048868913

2048869984

2048973534

2048869140

2048869630

2048870227

2048870375

2048886977

2048888348

2048888611

2048889127

2048889501

2048974881

2048867191

2048870232

2048985639

2048869345

2048987051

2048918541

2048986402

2048990142

2048910734

2048992649

2048966800

2048870269

2048994332

2048961594

2048996695

2048963818

2048965760

2048966330

2048998205

2048961306

2048968280

2048968875

2048969265

2048969383

2049005686

2049008162

2048965250

2048977606

2049009895

2048964019

2049013449

2049014381

2048978987

2049015842

2048976707

2048977174

2048978075

2048978176

2048978854

2049017439

2048976456

2048979527

2048979874

2048969239

2049050955

2048990677

2049052330

2048979637

2048995465

2048979293

2048979703

2048995475

2049054392

2049056351

2049056939

2048998707

2048996878

2048997908

2048999175

2049058045

2048997053

2048997580

2049059192

2048997681

2048999431

2048999967

2049065164

2048978861

2049066271

2049000316

2048977974

2048999309

2049009180

2048998156

2049101200

2048978186

2049018820

2049014241

2049016349

2049016668

2049013103

2049103817

2049019821

2049014279

2049014771

2049017260

2049018253

2049018506

2049018770

2049104904

2049020101

2049015769

2049016512

2049017129

2049017416

2049018628

2049018877

2049019165

2049019306

2049019579

2049016636

2049017265

2049017392

2049018558

2049018830

2049018894

2049018923

2049019324

2049019551

2049019720

2049019779

2049019834

2049020092

2049014718

2049017480

2049017910

2049107073

2049108484

2049015987

2049018829

2049018901

2049019538

2049019591

2049019739

2049020118

2049020405

2049000018

2049109185

2049017419

2049018496

2049018555

2049019534

2049019783

2049020137

2049112923

2049018858

2049019180

2049018514

2049019300

2049019738

2049020085

2049017445

2049113756

2049018783

2049020131

2049019855

2049019944

2049019994

2049117701

2049019546

2049020104

2049020439

2049118853

2049057817

2049019740

2049019884

2049119775

2049019822

2049127584

2049020421

2049162805

2049101424

2049165886

2049106117

2049107504

2049108082

2049108402

2049167723

2049166680

2049105548

2049107310

2049108296

2049059029

2049107961

2049108084

2049108375

2049108845

2049108805

2049109362

2049106121

2049116196

2049187552

2049108394

2049188785

2049110279

2049117075

2049117944

2049119567

2049189842

2049119909

2049119987

2049107957

2049194883

2049118924

2049196975

2049117480

2049119738

2049115899

2049127962

2049200364

2049128749

2049203806

2049162952

2049116186

2049163557

2049207773

2049208653

2049163542

2049169413

2049170432

2049210200

2049168481

2049168856

2049211134

2049167597

2049168452

2049214687

2049216282

2049190437

2049219142

2049169857

2049186128

2049233421

2049234698

2049188129

2049195466

2049196642

2049199036

2049199901

2049200211

2049253485

2049194241

2049199447

2049204551

2049205290

2049256449

2049190227

2049200418

2049203686

2049257268

2049200077

2049207748

2049258626

2049259769

2049200164

2049259639

2049208634

2049274282

2049206123

2049209438

2049214672

2049217463

2049218134

2049275762

2049278304

2049207907

2049213245

2049216210

2049279259

2049218716

2049300651

2049220101

2049302696

2049219615

2049219890

2049236859

2049237178

