2044731041

2044735699

2044737866

2044738284

2044762797

2044764003

2044767777

2044768438

2044769340

2044769554

2044769705

2044770071

2044770231

2044707581

2044709569

2044893437

2044739319

2044739560

2044762467

2044763248

2044768638

2044769506

2044770129

2044770220

2044710285

2044739739

2044740016

2044895740

2044765603

2044769349

2044769719

2044769965

2044770078

2044738220

2044739773

2044897355

2044765879

2044767604

2044769481

2044769531

2044770096

2044737775

