2041277302

2041240208

2041239840

2041239966

2041277980

2041239423

2041240009

2041240441

2041279263

2041240149

2041240294

2041279643

2041240180

2041279584

2041240301

2041240415

2041279698

2041279608

2041281252

2041269910

2041270297

2041282193

2041269556

2041270197

2041291004

2041292168

2041277007

2041291941

2041292679

2041293704

2041279331

2041277367

2041279198

2041294304

2041276833

2041278270

2041278842

2041279415

2041279502

2041279517

2041279757

2041293924

2041294053

2041279295

2041294487

2041295686

2041277477

2041279376

2041279751

2041280203

2041279585

2041279708

2041280228

2041295595

2041295676

2041279307

2041296863

2041282300

2041282970

2041279874

2041280138

2041281655

2041282826

2041282951

2041296746

2041296760

2041297878

2041282552

2041283255

2041283467

2041283608

2041283657

2041283750

2041283896

2041283674

2041298430

2041283269

2041283410

2041283619

2041299319

2041284013

2041283068

2041283175

2041283237

2041283339

2041283653

2041283766

2041283875

2041283916

2041283630

2041283690

2041283754

2041299186

2041299687

2041284333

2041283576

2041283686

2041283850

2041284016

2041284098

2041284153

2041284304

2041299525

2041284017

2041283609

2041283881

2041283886

2041299948

2041283660

2041284214

2041284241

2041284256

2041300380

2041282777

2041283892

2041284118

2041284313

2041300207

2041282461

2041284587

2041283885

2041284271

2041284359

2041284157

2041283633

2041284152

2041305890

2041285334

2041284735

2041284907

2041285038

2041285106

2041285108

2041285297

2041285314

2041285405

2041307146

2041284652

2041284891

2041285089

2041285329

2041285372

2041285379

2041307216

2041285481

2041284566

2041284718

2041284779

2041284818

2041285047

2041285272

2041285366

2041285410

2041285501

2041307953

2041285323

2041285466

2041308004

2041285525

2041308101

2041283929

2041285091

2041285169

2041285213

2041285367

2041285274

2041308873

2041284518

2041284715

2041284940

2041286176

2041309852

2041284921

2041285420

2041285449

2041285532

2041285691

2041285788

2041285817

2041285990

2041286618

2041310317

2041285078

2041285300

2041285412

2041285654

2041285695

2041285757

2041285832

2041285986

2041286019

2041286123

2041286316

2041286473

2041286491

2041286612

2041285338

2041309915

2041285307

2041310782

2041285377

2041285626

2041285977

2041286175

2041286301

2041286380

2041286433

2041286508

2041286590

2041286611

2041310920

2041285547

2041286336

2041286388

2041286604

2041286986

2041286471

2041311091

2041284731

2041285497

2041286016

2041286117

2041286489

2041312425

2041285203

2041285833

2041286412

2041286422

2041286351

2041285901

2041286152

2041286118

2041314487

2041285510

2041286172

2041286362

2041286894

2041287257

2041287451

2041287500

2041287519

2041314691

2041286928

2041286435

2041286587

2041286615

2041286684

2041286910

2041314682

2041285790

2041286479

2041286918

2041287288

2041287468

2041287522

2041287533

2041286418

2041315897

2041316259

2041287807

2041286360

2041287191

2041287340

2041287728

2041287783

2041287805

2041317405

2041287914

2041287348

2041287505

2041287742

2041287863

2041317267

2041287712

2041286119

2041286425

2041286594

2041286971

2041317514

2041286896

2041286326

2041286506

2041286661

2041317139

2041287197

2041287524

2041287774

2041287990

2041288123

2041288290

2041318705

2041288609

2041286992

2041287200

2041287516

2041287630

2041287967

2041288175

2041288203

2041288390

2041288433

2041318714

2041287657

2041286452

2041287497

2041319039

2041287441

2041287639

2041287910

2041288199

2041288349

2041319625

2041287793

2041287255

2041288307

2041287852

2041324221

2041289364

2041288166

2041288374

2041288432

2041288895

2041289108

2041289191

2041289247

2041289345

2041325616

2041288682

2041287503

2041288183

2041288314

2041326584

2041288098

2041288684

2041288825

2041288956

2041288993

2041289016

2041289140

2041289186

2041289347

2041289433

2041289483

2041289602

2041289648

2041289662

2041289762

2041289814

2041327137

2041289797

2041288039

2041289180

2041289358

2041289448

2041289491

2041289675

2041289732

2041289746

2041288984

2041288438

2041288822

2041288916

2041329225

2041290343

2041288491

2041288868

2041289224

2041289346

2041289432

2041289447

2041289510

2041289622

2041289660

2041289829

2041289978

2041290043

2041290072

2041290186

2041290242

2041329294

2041288987

2041289132

2041289222

2041289277

2041331026

2041289609

2041289598

2041331027

2041289613

2041289188

2041289269

2041318085

2041289690

2041289957

2041289983

2041290048

2041316880

2041317858

2041332722

2041288309

2041289127

2041289788

2041290274

2041290321

2041290440

2041333788

2041289679

2041289339

2041334210

2041287934

2041289512

2041289184

2041290313

2041289200

2041289693

2041290407

2041320124

2041320392

2041335957

2041336930

2041289458

2041289674

2041290304

2041289242

2041290197

2041290258

2041320099

2041320413

2041341176

2041290004

2041320114

2041342347

2041290002

2041289649

2041319884

2041290319

2041343302

2041290032

2041318673

2041343473

2041344232

2041328740

2041329326

2041330015

2041334536

2041344914

2041328446

2041329813

2041332534

2041333954

2041334313

2041344760

2041345518

2041330389

2041336388

2041335120

2041335723

2041336016

2041336375

2041350971

2041329766

2041335190

2041335408

2041336611

2041352134

2041328315

2041350956

2041335810

2041327835

2041330384

2041334617

2041335140

2041336716

2041355403

2041335476

2041336397

2041336697

2041355932

2041336612

2041357059

2041335673

2041338104

2041338216

2041338239

2041338345

2041338503

2041357351

2041358531

2041337110

2041337356

2041338174

2041358326

2041335537

2041359629

2041336796

2041337912

2041338099

2041338702

2041338945

2041339609

2041339597

2041338321

2041359818

2041339028

2041339319

2041339506

2041361140

2041337954

2041338794

2041339066

2041339868

2041340184

2041340302

2041363919

2041338337

2041365078

2041344448

2041344324

2041345611

2041365735

2041338704

2041340219

2041345130

2041348124

2041366509

2041337830

2041340292

2041344935

2041345942

2041346322

2041347096

2041347624

2041347835

2041367177

2041340266

2041368182

2041348581

2041369106

2041346365

2041347300

2041347638

2041347746

2041348053

2041348298

2041348449

2041371340

2041346745

2041346981

2041347716

2041348118

2041348588

2041348749

2041348953

2041347883

2041372820

2041339640

2041346351

2041346948

2041347512

2041347862

2041373884

2041349474

2041345904

2041347839

2041348215

2041348735

2041349294

2041372924

2041374234

2041347978

2041337254

2041347789

2041376228

2041349031

2041349548

2041349702

2041349819

2041350004

2041350094

2041350374

2041376552

2041377715

2041347492

2041349621

2041349852

2041350223

2041378208

2041349337

2041348977

2041349271

2041382876

2041350149

2041350224

2041350420

2041365573

2041366394

2041366614

2041366694

2041366787

2041382397

2041349467

2041349808

2041384134

2041349535

2041349703

2041349830

2041384314

2041349837

2041385991

2041350120

2041385679

2041366024

2041366848

2041368390

2041365824

2041388708

2041369946

2041348463

2041350372

2041368661

2041368835

2041369617

2041391018

2041361872

2041367853

2041369382

2041370102

2041370301

2041392404

2041393737

2041369676

2041376685

2041376814

2041396493

2041397873

2041376380

2041364487

2041376024

2041397764

2041398060

2041398710

2041399032

2041401249

2041379000

2041370314

2041379310

2041406258

2041407259

2041387764

2041379261

2041379663

2041386534

2041387112

2041407734

2041379171

2041409791

2041369441

2041411150

2041388500

2041411923

2041389095

2041413360

2041387645

2041388820

2041380096

2041388747

2041388935

2041416355

2041387310

2041417006

2041389698

2041389107

2041419548

2041388828

2041399307

2041422818

2041389808

2041424097

2041389710

2041425627

2041425566

2041427920

2041398664

2041405919

2041405995

2041429156

2041404459

2041432816

2041406308

2041406367

2041432304

2041433595

2041406197

2041409718

2041415768

2041435790

2041407664

2041408472

2041410258

2041414199

2041436462

2041388730

2041437595

2041407845

2041437721

2041439115

2041439132

2041441730

2041443301

2041445727

2041417237

2041446815

2041447977

2041418307

2041426809

2041451041

2041418877

2041420381

2041451827

2041454989

2041425884

2041458328

2041430288

2041429126

2041429256

2041429313

2041427487

2041427829

2041428709

2041429405

2041429577

2041429724

2041429940

2041430096

2041430217

2041430264

2041427912

2041423330

2041460871

2041428721

2041427909

2041428128

2041428921

2041429546

2041429893

2041430038

2041430206

2041430422

2041436965

2041463666

2041430059

2041438117

2041438882

2041464919

2041429905

2041437078

2041437483

2041439113

2041439401

2041440112

2041465847

2041427204

2041429996

2041429233

2041430249

2041466943

2041425753

2041430340

2041439083

2041467902

2041429959

2041469088

2041470372

2041473577

2041427529

2041429542

2041474801

2041430143

2041476350

2041448841

2041479883

2041480725

2041448594

2041484593

2041449162

2041485823

2041487421

2041458589

2041458407

2041454688

2041455494

2041492634

2041493222

2041458944

2041459442

2041459638

2041467853

2041468474

2041494653

2041457955

2041496006

2041457823

2041459319

2041496670

2041468949

2041458528

2041497729

2041467675

2041468091

2041501357

2041459461

2041467088

2041468011

2041469207

2041469645

2041470137

2041459475

2041505022

2041459649

2041460135

2041538493

2041500345

2041543162

2041499370

2041543704

2041499747

2041500341

2041546737

2041547682

2041500077

2041510090

2041517836

2041518238

2041548636

2041525944

2041514543

2041516112

2041516862

2041517651

2041519194

2041549274

2041517203

2041518101

2041518477

2041519391

2041520350

2041520968

2041522075

2041554159

2041528895

2041504812

2041555339

2041523693

2041524294

2041524579

2041526191

2041527625

2041527994

2041528484

2041529269

2041499712

2041520087

2041523230

2041525758

2041518724

2041530177

2041558550

2041520325

2041521661

2041524852

2041526617

2041527010

2041528200

2041528730

2041528817

2041561269

2041520172

2041521180

2041529572

2041530154

2041562286

2041563853

2041565253

2041529344

2041530434

2041567353

2041534569

2041535172

2041570534

2041535611

2041536575

2041536920

2041537415

2041537628

2041537649

2041520321

2041521817

2041571467

2041538651

2041573281

2041537612

2041537700

2041537756

2041538088

2041538191

2041538338

2041538531

2041528139

2041534634

2041537810

2041537437

2041537851

2041538044

2041538371

2041538898

2041539137

2041539413

2041539847

2041540049

2041540302

2041540350

2041574491

2041538797

2041535080

2041535376

2041536097

2041536834

2041537016

2041575732

2041547414

2041535819

2041538468

2041533470

2041538798

2041578045

2041539195

2041539836

2041540040

2041540172

2041540275

2041546024

2041549022

2041550077

2041582342

2041539570

2041560240

2041540447

2041550080

2041538057

2041586084

2041549764

2041555501

2041557284

2041559048

2041559176

2041559515

2041560179

2041588481

2041590304

2041549196

2041536796

2041566685

2041591549

2041540145

2041548830

2041558111

2041559214

2041539882

2041548478

2041563589

2041564562

2041565880

2041566474

2041539955

2041594335

2041559784

2041559035

2041563797

2041595747

2041598614

2041539732

2041547668

2041538839

2041540068

2041599694

2041556535

2041565620

2041567246

2041567597

2041567821

2041568185

2041568615

2041600602

2041566552

2041568211

2041563588

2041563897

2041561323

2041605659

2041606686

2041567053

2041568320

2041568508

2041569356

2041569713

2041570023

2041576779

2041577156

2041577371

2041577832

2041577876

2041608342

2041568705

2041569240

2041569473

2041569958

2041578779

2041609650

2041568546

2041569612

2041572211

2041577178

2041577857

2041578197

2041578391

2041613401

2041579320

2041569804

2041575087

2041576198

2041576509

2041577135

2041577815

2041578598

2041613393

2041616073

2041566026

2041569127

2041576062

2041577617

2041577927

2041617734

2041568434

2041569474

2041570272

2041572590

2041576775

2041577596

2041577906

2041580143

2041580262

2041580393

2041588238

2041621070

2041570091

2041576260

2041578723

2041578956

2041579351

2041579963

2041580124

2041570063

2041621824

2041579950

2041580052

2041591794

2041593285

2041593804

2041594077

2041595170

2041595278

2041610437

2041643152

2041615876

2041594521

2041599315

2041599699

2041607334

2041607884

2041609463

2041610209

2041644486

2041610426

2041613490

2041614709

2041614973

2041619913

2041598583

2041608146

2041651629

2041622377

2041614093

2041615738

2041616020

2041616241

2041617280

2041617364

2041617708

2041617876

2041618651

2041619686

2041625575

2041607209

2041615850

2041616488

2041617192

2041618346

2041619510

2041619659

2041620015

2041620147

2041620253

2041621091

2041620277

2041655123

2041597663

2041618325

2041619145

2041619927

2041620144

2041620302

2041624706

2041628062

2041606013

2041616470

2041618543

2041619564

2041619920

2041620024

2041658116

2041628331

2041617562

2041618390

2041619563

2041620331

2041625117

2041625547

2041626305

2041626577

2041626892

2041627447

2041627556

2041627708

2041627787

2041627888

2041630294

2041659148

2041659931

2041617353

2041618696

2041625256

2041626108

2041626574

2041628335

2041628525

2041628699

2041628784

2041629113

2041629862

2041630167

2041629085

2041590653

2041618687

2041619230

2041622123

2041666319

2041608268

2041620062

2041620318

2041626654

2041627626

2041638822

2041627078

2041628706

2041629842

2041630319

2041671791

2041644176

2041624476

2041628861

2041642096

2041642352

2041642872

2041643312

2041644035

2041644303

2041644611

2041644749

2041644809

2041645163

2041645481

2041645867

2041645895

2041646479

2041645775

2041673706

2041619985

2041625449

2041628779

2041629971

2041636342

2041638491

2041639601

2041641956

2041643029

2041643893

2041676002

2041647255

2041623783

2041640280

2041640812

2041641550

2041643817

2041644217

2041644946

2041645500

2041649249

2041627115

2041639699

2041642185

2041644388

2041644578

2041644632

2041644952

2041645525

2041645657

2041645849

2041646230

2041646411

2041646736

2041647067

2041647102

2041649348

2041680226

2041619780

2041681498

2041650192

2041627206

2041639703

2041643160

2041643689

2041644837

2041644962

2041645171

2041645615

2041646441

2041646986

2041647116

2041647159

2041647540

2041647684

2041647858

2041648073

2041648599

2041648768

2041648792

2041648903

2041683646

2041630437

2041641106

2041645718

2041645795

2041646457

2041646553

2041646713

2041647208

2041647869

2041648566

2041648627

2041648706

2041648722

2041648828

2041648900

2041649195

2041649236

2041649542

2041649671

2041649775

2041649852

2041650134

2041685000

2041644764

2041647084

2041648554

2041648623

2041648917

2041649009

2041649033

2041649230

2041649533

2041649888

2041649969

2041650200

2041650334

2041686268

2041645584

2041648817

2041648967

2041648980

2041649229

2041649321

2041649646

2041649748

2041650129

2041650322

2041655222

2041686586

2041689878

2041641935

2041642897

2041645580

2041645834

2041646753

2041647071

2041647778

2041648077

2041648270

2041648327

2041648777

2041649255

2041649794

2041649940

2041650095

2041626972

2041693349

2041644014

2041645785

2041647411

2041647835

2041648783

2041648808

2041649332

2041649598

2041657381

2041658046

2041658184

2041658475

2041660019

2041695701

2041646940

2041648716

2041648925

2041648973

2041649470

2041649727

2041654172

2041656649

2041657420

2041659417

2041659820

2041660106

2041660220

2041698198

2041649501

2041653779

2041657364

2041667414

2041698918

2041701396

2041675930

2041647833

2041648111

2041648263

2041649793

2041656616

2041656991

2041658880

2041665297

2041668176

2041669007

2041669639

2041633328

2041646741

2041703682

2041674513

2041649751

2041668884

2041671463

2041672897

2041673391

2041673736

2041674214

2041674593

2041674776

2041675354

2041675643

2041675717

2041704362

2041649569

2041650398

2041669074

2041669570

2041670802

2041672204

2041674400

2041707244

2041646909

2041649310

2041650022

2041650181

2041667253

2041669148

2041678593

2041708425

2041647260

2041711685

2041679644

2041673643

2041675664

2041676242

2041676890

2041677173

2041677771

2041678464

2041685951

2041714505

2041670118

2041671935

2041672244

2041673695

2041674103

2041675485

2041675615

2041676197

2041676624

2041676899

2041677177

2041677622

2041678379

2041678431

2041678642

2041678804

2041678951

2041679302

2041679602

2041679632

2041716212

2041672134

2041672666

2041674166

2041674356

2041674906

2041676025

2041676191

2041676282

2041676422

2041678069

2041678992

2041679045

2041679396

2041679984

2041680207

2041680951

2041682665

2041683432

2041685339

2041685607

2041685889

2041718604

2041690386

2041668911

2041676021

2041676513

2041676946

2041677998

2041678817

2041678875

2041678965

2041679317

2041679763

2041679920

2041680035

2041680306

2041682781

2041683736

2041668424

2041687550

2041719002

2041648988

2041674150

2041679026

2041679673

2041679933

2041684593

2041685134

2041685949

2041686133

2041686317

2041687110

2041723592

2041676139

2041680013

2041684650

2041686532

2041686853

2041687521

2041688147

2041688570

2041688922

2041689115

2041689144

2041689297

2041689423

2041689540

2041689630

2041689750

2041689868

2041690216

2041690278

2041690298

2041690381

2041726128

2041672751

2041675917

2041676187

2041676929

2041677546

2041680437

2041681869

2041685616

2041685904

2041686510

2041686596

2041687127

2041687801

2041688132

2041688576

2041688934

2041689421

2041689588

2041689639

2041690395

2041727457

2041675375

2041678897

2041684674

2041685874

2041687560

2041688612

2041688985

2041689410

2041689486

2041690036

2041690097

2041690347

2041732761

2041702161

2041678604

2041687761

2041689309

2041689400

2041695651

2041699104

2041699642

2041700109

2041701909

2041702050

2041702201

2041703914

2041735330

2041710720

2041679167

2041687997

2041688693

2041689867

2041690087

2041698523

2041699981

2041701946

2041686962

2041688536

2041688866

2041689605

2041709821

2041736852

2041699161

2041704567

2041706241

2041706724

2041707174

2041707776

2041708245

2041708696

2041708783

2041709310

2041710083

2041710119

2041710257

2041710404

2041737999

2041690351

2041698025

2041698364

2041699818

2041702666

2041703409

2041704204

2041704678

2041704984

2041705747

2041707508

2041707726

2041707975

2041708548

2041708577

2041709155

2041709756

2041709789

2041745136

2041771032

2041718716

2041775177

2041748628

2041728429

2041730132

2041730409

2041736519

2041737838

2041739464

2041740363

2041744475

2041745073

2041726501

2041727427

2041728131

2041728941

2041729463

2041732214

2041734756

2041737370

2041738242

2041739024

2041739298

2041739977

2041742864

2041743080

2041743752

2041744003

2041745683

2041746635

2041746936

2041748031

2041748182

2041751858

2041722845

2041724732

2041728252

2041729344

2041730099

2041736143

2041738378

2041738466

2041743907

2041746925

2041748720

2041749038

2041749144

2041749430

2041749642

2041750326

2041750430

2041750954

2041781133

2041729983

2041730113

2041737104

2041737808

2041738262

2041739467

2041739754

2041739848

2041748119

2041748776

2041749175

2041749255

2041749447

2041750140

2041750308

2041751071

2041751471

2041751832

2041661008

2041756611

2041783680

2041786097

2041748151

2041749037

2041749188

2041749341

2041749595

2041750719

2041752135

2041752791

2041753560

2041753953

2041754096

2041754549

2041754748

2041755049

2041755398

2041755923

2041756095

2041756268

2041756389

2041756510

2041756544

2041730110

2041730446

2041758716

2041788643

2041738945

2041748042

2041748319

2041749119

2041751513

2041752392

2041752756

2041753181

2041753924

2041754173

2041754849

2041756379

2041756591

2041756640

2041756704

2041756969

2041757082

2041757704

2041758078

2041758229

2041758337

2041758389

2041758485

2041758720

2041758869

2041758944

2041759297

2041759314

2041759769

2041759812

2041759977

2041760082

2041800692

2041736815

2041738572

2041739900

2041746611

2041751419

2041755468

2041755834

2041756000

2041756353

2041756523

2041756688

2041756769

2041757128

2041758034

2041758209

2041758298

2041758360

2041758409

2041758589

2041758687

2041729129

2041733598

2041765722

2041802756

2041740392

2041747765

2041748181

2041753162

2041755193

2041755811

2041755981

2041756585

2041756713

2041757171

2041757353

2041758098

2041758541

2041758623

2041758700

2041759290

2041759334

2041759433

2041759579

2041759621

2041759754

2041759806

2041763079

2041763271

2041764337

2041725211

2041736338

2041805271

2041768706

2041730157

2041739144

2041748588

2041770246

2041805707

2041750285

2041752933

2041753570

2041754766

2041756502

2041757240

2041757582

2041758697

2041758866

2041759092

2041759262

2041760103

2041760507

2041761619

2041763750

2041764176

2041764835

2041765063

2041765336

2041766933

2041767038

2041767059

2041767240

2041767286

2041767366

2041767848

2041767959

2041768367

2041768654

2041757628

2041758055

2041759426

2041760004

2041760063

2041762975

2041764291

2041765937

2041766618

2041767023

2041768039

2041768418

2041768592

2041768689

2041768890

2041769097

2041769325

2041769514

2041769542

2041769822

2041770045

2041770068

2041770228

2041776940

2041810870

2041753590

2041756592

2041758289

2041758620

2041759284

2041759867

2041760052

2041765354

2041766926

2041767062

2041767338

2041767428

2041767587

2041767843

2041768000

2041768397

2041768716

2041769232

2041769371

2041769671

2041769823

2041770073

2041770145

2041770218

2041770249

2041772179

2041774289

2041749483

2041749766

2041751455

2041812681

2041777434

2041753133

2041753600

2041754540

2041755110

2041757705

2041758688

2041759352

2041764005

2041765771

2041766134

2041766709

2041766974

2041767158

2041767706

2041768278

2041768422

2041768614

2041768882

2041769144

2041769525

2041769572

2041769692

2041769870

2041770126

2041770143

2041770340

2041770769

2041773544

2041773972

2041774942

2041775042

2041775925

2041776289

2041776674

2041776887

2041815274

2041785676

2041756358

2041757049

2041757352

2041758372

2041758683

2041759988

2041816974

2041767329

2041769555

2041769690

2041769743

2041769833

2041770237

2041770309

2041772566

2041773081

2041774549

2041775148

2041776306

2041776911

2041777530

2041777617

2041777831

2041778563

2041779014

2041780091

2041780497

2041781015

2041781307

2041781477

2041781533

2041782265

2041782533

2041783442

2041783661

2041783695

2041784302

2041784452

2041784555

2041784752

2041784899

2041785112

2041785325

2041785663

2041757339

2041758723

2041759075

2041759881

2041819449

2041787752

2041767570

2041767962

2041768892

2041769377

2041769529

2041769911

2041772817

2041776259

2041777621

2041778059

2041779011

2041779269

2041779649

2041780101

2041780227

2041781111

2041781891

2041782674

2041782824

2041782989

2041783244

2041783631

2041784333

2041784480

2041784584

2041784734

2041784859

2041785296

2041785364

2041785659

2041785803

2041786113

2041786139

2041786267

2041786316

2041758505

2041788560

2041851692

2041766792

2041767370

2041768257

2041768697

2041768876

2041769642

2041770044

2041770346

2041778577

2041781056

2041782905

2041782986

2041783611

2041783996

2041784265

2041784580

2041784692

2041785071

2041785097

2041785155

2041785811

2041785885

2041786048

2041786330

2041786510

2041786808

2041787000

2041787042

2041787137

2041787209

2041787396

2041787751

2041729495

2041755946

2041756938

2041758292

2041759336

2041759437

2041853312

2041802167

2041768947

2041769146

2041769329

2041770098

2041770347

2041774207

2041775572

2041776002

2041776729

2041777542

2041779055

2041779228

2041782335

2041782445

2041783014

2041784858

2041785326

2041785636

2041785822

2041786068

2041786277

2041786535

2041786746

2041786996

2041787108

2041787164

2041787360

2041787434

2041787748

2041787810

2041787943

2041788036

2041788066

2041788158

2041788427

2041757575

2041770086

2041805598

2041768929

2041769321

2041770293

2041775778

2041780064

2041857716

2041780680

2041785304

2041785701

2041785855

2041786841

2041786971

2041786998

2041787110

2041787442

2041787573

2041787621

2041787711

2041787720

2041787739

2041788080

2041788263

2041788327

2041788364

2041788456

2041788572

2041788623

2041789000

2041789345

2041789648

2041789694

2041789794

2041790071

2041790107

2041790395

2041801307

2041801474

2041802184

2041802522

2041802621

2041803107

2041803833

2041804192

2041804835

2041804849

2041804936

2041805207

2041805353

2041805363

2041805493

2041759229

2041759779

2041769851

2041859209

2041775986

2041782666

2041784210

2041784843

2041785353

2041786953

2041787152

2041787558

2041787591

2041788255

2041788584

2041788970

2041789368

2041789541

2041789646

2041789697

2041789828

2041790097

2041790127

2041790155

2041790378

2041790416

2041800766

2041802015

2041802713

2041803161

2041803668

2041804037

2041804745

2041804847

2041805322

2041805386

2041805546

2041805578

2041805743

2041768556

2041769672

2041880581

2041785162

2041785256

2041786041

2041786070

2041786354

2041786486

2041786983

2041787724

2041787777

2041787894

2041788040

2041788162

2041788444

2041788544

2041789020

2041789032

2041789411

2041789716

2041789825

2041790056

2041790174

2041790411

2041801781

2041802105

2041802472

2041802712

2041803146

2041803847

2041803886

2041804125

2041804749

2041805008

2041805196

2041805490

2041805626

2041805656

2041805809

2041805973

2041768115

2041777373

2041777929

2041781902

2041783413

2041884749

2041786322

2041786774

2041787103

2041787461

2041787713

2041787821

2041787926

2041788019

2041788343

2041789339

2041789414

2041789661

2041790254

2041790267

2041790322

2041790444

2041801828

2041803966

2041804107

2041804172

2041804740

2041805239

2041805514

2041805949

2041806068

2041806270

2041806509

2041806631

2041806794

2041806922

2041807209

2041807512

2041808042

2041808166

2041808179

2041808188

2041808239

2041809179

2041770234

2041772753

2041781911

2041816161

2041770152

2041780623

2041783967

2041818519

2041887470

2041787372

2041787819

2041788403

2041788634

2041789777

2041790158

2041790435

2041801499

2041803192

2041804303

2041804946

2041805517

2041806295

2041806398

2041806931

2041807055

2041807347

2041807475

2041807530

2041807652

2041807829

2041808266

2041808410

2041809336

2041809508

2041809545

2041809738

2041809838

2041809919

2041809938

2041810137

2041810180

2041810379

2041810415

2041811317

2041812502

2041814017

2041814425

2041814828

2041815027

2041815158

2041815516

2041816146

2041775784

2041786980

2041787717

2041787899

2041789810

2041820372

2041891127

2041790156

2041790263

2041801552

2041802627

2041803112

2041803888

2041804763

2041805410

2041805920

2041806263

2041806796

2041806995

2041807122

2041807647

2041807823

2041807972

2041808286

2041808997

2041809083

2041809425

2041809489

2041809866

2041810110

2041810296

2041810838

2041812075

2041813920

2041814137

2041814374

2041814842

2041814959

2041815221

2041815859

2041816270

2041816461

2041816771

2041816810

2041816989

2041817386

2041817511

2041817776

2041817901

2041818272

2041818506

2041786992

2041787422

2041787918

2041789022

2041800756

2041805961

2041807952

2041808149

2041808474

2041809142

2041809192

2041809378

2041809540

2041809752

2041809892

2041810207

2041810324

2041811775

2041812634

2041815296

2041815829

2041816502

2041816967

2041817003

2041817355

2041817380

2041817670

2041817823

2041817943

2041818016

2041818061

2041818128

2041818186

2041818244

2041818292

2041818404

2041818476

2041818507

2041818889

2041818928

2041819307

2041819396

2041819437

2041819497

2041819538

2041819581

2041819640

2041819725

2041819729

2041819761

2041820048

2041820130

2041820202

2041820216

2041757743

2041820237

2041820260

2041820293

2041820350

2041789434

2041802995

2041805734

2041853820

2041807041

2041807676

2041807998

2041808191

2041809031

2041809136

2041809365

2041810159

2041810430

2041814163

2041815004

2041815173

2041815520

2041816130

2041816536

2041816657

2041817082

2041817215

2041817359

2041817549

2041817909

2041818026

2041818140

2041818305

2041818395

2041818451

2041818682

2041818739

2041818899

2041818967

2041819217

2041819257

2041819387

2041819420

2041819433

2041819500

2041819509

2041819707

2041819720

2041819766

2041819849

2041819985

2041820012

2041820163

2041820189

2041820250

2041820340

2041820385

2041851128

2041851165

2041851603

2041786339

2041787597

2041788554

2041803333

2041857521

2041912229

2041788655

2041789749

2041806646

2041914017

2041809230

2041809708

2041809754

2041815508

2041816521

2041816637

2041817122

2041817337

2041817961

2041818229

2041818653

2041818709

2041818925

2041819244

2041819353

2041819399

2041819554

2041819680

2041819812

2041819931

2041819983

2041820036

2041820227

2041820289

2041820327

2041820332

2041820416

2041851637

2041852813

2041853150

2041853784

2041854787

2041854913

2041854990

2041855341

2041855574

2041855685

2041855762

2041856395

2041856477

2041856648

2041856753

2041780413

2041857085

2041781581

2041857154

2041857244

2041857420

2041803633

2041806847

2041807686

2041809003

2041809176

2041809764

2041813645

2041814447

2041915641

2041815819

2041816236

2041816554

2041817754

2041818372

2041818554

2041818675

2041818846

2041819319

2041819559

2041819709

2041819899

2041820005

2041820183

2041851587

2041852737

2041854793

2041854836

2041854979

2041855783

2041856199

2041856265

2041856404

2041856465

2041856627

2041857079

2041857114

2041857384

2041857460

2041857481

2041857561

2041857787

2041858347

2041858647

2041858743

2041858953

2041858972

2041859114

2041859223

2041859385

2041859443

2041859567

2041859699

2041859726

2041859803

2041768703

2041859885

2041859901

2041859919

2041859958

2041860105

2041860180

2041787929

2041804732

2041806330

2041807942

2041808199

2041816506

2041816571

2041883936

2041917534

2041817960

2041818256

2041818432

2041819298

2041819561

2041819586

2041819663

2041820014

2041820066

2041820094

2041820175

2041820208

2041851045

2041851215

2041852308

2041852970

2041853826

2041854056

2041854421

2041854738

2041855691

2041856027

2041856452

2041856639

2041857078

2041857453

2041857493

2041857709

2041858030

2041858235

2041858628

2041858680

2041858839

2041858852

2041859378

2041859537

2041859639

2041859916

2041860077

2041860178

2041860379

2041788268

2041803340

2041805218

2041806053

2041808523

2041809533

2041809965

2041810237

2041812943

2041813454

2041815493

2041817941

2041818412

2041819374

2041819483

2041819862

2041819994

2041820134

2041886369

2041820204

2041820223

2041820378

2041851141

2041851649

2041852464

2041853652

2041854914

2041855365

2041856062

2041856104

2041856219

2041856854

2041857087

2041857949

2041858377

2041858866

2041859319

2041859437

2041859522

2041859595

2041859719

2041859816

2041859943

2041860113

2041860347

2041880856

2041880957

2041882258

2041882284

2041882501

2041883002

2041883332

2041883652

2041789413

2041806285

2041810238

2041810338

2041818216

2041818552

2041888896

2041803923

2041807070

2041818251

2041818475

2041818905

2041819540

2041819612

2041820311

2041893170

2041853199

2041854369

2041855396

2041856015

2041856424

2041856692

2041857099

2041857662

2041857740

2041858016

2041858220

2041858453

2041859360

2041859403

2041859484

2041859560

2041859615

2041859782

2041859936

2041860081

2041860116

2041860207

2041860346

2041880843

2041881621

2041882001

2041883323

2041883343

2041884151

2041885470

2041885695

2041885830

2041885902

2041886269

2041886350

2041886455

2041886711

2041887273

2041887359

2041803666

2041887688

2041887721

2041887739

2041887902

2041888456

2041888606

2041888793

2041817400

2041819249

2041819623

2041819807

2041820393

2041851757

2041852499

2041964099

2041894554

2041855347

2041856472

2041857762

2041858222

2041858394

2041858681

2041859081

2041859275

2041859820

2041860154

2041860202

2041860354

2041883347

2041885630

2041885724

2041886456

2041886877

2041887037

2041887258

2041887347

2041887403

2041887509

2041887833

2041887914

2041888172

2041888348

2041888791

2041888937

2041889318

2041889343

2041889810

2041889851

2041889973

2041890015

2041890065

2041890231

2041890362

2041890722

2041891202

2041891736

2041892000

2041892137

2041892318

2041892485

2041892545

2041818534

2041892783

2041892887

2041819690

2041820308

2041851738

2041853426

2041857413

2041857681

2041857936

2041858015

2041858383

2041858659

2041895275

2041965142

2041858875

2041859204

2041859456

2041859783

2041859922

2041883300

2041883733

2041884194

2041884722

2041885482

2041885541

2041885733

2041886416

2041887266

2041887556

2041887713

2041887904

2041888358

2041888547

2041889016

2041889109

2041889385

2041889410

2041889426

2041889789

2041889992

2041890016

2041890052

2041890124

2041890174

2041890220

2041890371

2041891008

2041891493

2041891956

2041892154

2041892352

2041892805

2041892871

2041893160

2041893444

2041893493

2041893562

2041893780

2041893879

2041893926

2041894082

2041894154

2041894375

2041894391

2041894540

2041818452

2041818701

2041818877

2041854346

2041855708

2041856775

2041857146

2041857710

2041967567

2041859883

2041860360

2041881618

2041883745

2041884358

2041885578

2041886151

2041886745

2041886951

2041887485

2041887875

2041888156

2041888375

2041888538

2041888916

2041889339

2041889822

2041890007

2041890036

2041890058

2041890142

2041890221

2041890254

2041891014

2041891912

2041892065

2041892125

2041892296

2041892353

2041892518

2041892906

2041893101

2041893151

2041893221

2041893356

2041893431

2041893531

2041815046

2041893570

2041893716

2041893922

2041893983

2041894167

2041818735

2041818902

2041894420

2041894534

2041819511

2041894549

2041819713

2041894690

2041894842

2041894895

2041820317

2041894954

2041895018

2041895033

2041895074

2041895086

2041895154

2041895261

2041852248

2041852732

2041854984

2041857053

2041898933

2041969674

2041809223

2041856413

2041858860

2041859350

2041859769

2041882317

2041885451

2041885817

2041886435

2041898924

2041886756

2041887741

2041889107

2041889381

2041890117

2041890251

2041890298

2041890370

2041891292

2041891916

2041892026

2041892466

2041892798

2041893118

2041893238

2041893410

2041893479

2041893940

2041893963

2041893988

2041894100

2041894145

2041894170

2041894417

2041894591

2041894680

2041894780

2041894804

2041894859

2041894940

2041895103

2041895224

2041895268

2041895333

2041895363

2041895550

2041895699

2041895974

2041896039

2041896065

2041896125

2041896136

2041896173

2041896232

2041896389

2041896662

2041896820

2041897038

2041897123

2041897244

2041897292

2041897346

2041897359

2041897419

2041897445

2041897665

2041897693

2041818420

2041897754

2041897796

2041897822

2041897879

2041897924

2041897979

2041898005

2041898019

2041898035

2041898049

2041898087

2041898110

2041898116

2041898159

2041898234

2041898306

2041898335

2041898357

2041898510

2041854108

2041898619

2041898648

2041898689

2041898696

2041898757

2041898795

2041898839

2041898905

2041859391

2041859585

2041859954

2041881476

2041883318

2041884281

2041887035

2041899411

2042032467

2041887692

2041887873

2041888089

2041888559

2041889869

2041890134

2041890374

2041891962

2041892181

2041892338

2041892502

2041893183

2041893571

2041893745

2041893974

2041894212

2041894390

2041894430

2041894602

2041894790

2041894829

2041894902

2041894933

2041895055

2041895123

2041895191

2041895592

2041896000

2041896016

2041896054

2041896121

2041896202

2041896377

2041896686

2041896814

2041897014

2041897053

2041897103

2041897118

2041897245

2041897332

2041897355

2041897415

2041819204

2041897438

2041897637

2041897677

2041897773

2041897799

2041897805

2041897926

2041897955

2041897969

2041897986

2041898001

2041898015

2041898056

2041898081

2041898178

2041898186

2041898199

2041898232

2041898262

2041898303

2041898309

2041855536

2041898415

2041898492

2041856479

2041898590

2041898665

2041857133

2041898721

2041898765

2041898781

2041898830

2041859469

2041881963

2041887788

2041888795

2042033440

2041890275

2041891944

2041892028

2041892287

2041892557

2041892885

2041893269

2041893537

2041894355

2041894616

2041894626

2041894714

2041894826

2041894875

2041894943

2041895090

2041895113

2041895827

2041896229

2041896284

2041896297

2041896411

2041896699

2041896795

2041896858

2041896980

2041897052

2041897084

2041897109

2041897224

2041897271

2041897425

2041897654

2041897683

2041897698

2041897731

2041897839

2041897883

2041897923

2041897961

2041897989

2041898000

2041898020

2041816066

2041817370

2041898109

2041898134

2041898189

2041819555

2041898230

2041898246

2041898250

2041898279

2041898378

2041898390

2041898480

2041898617

2041898737

2041898801

2041898882

2041898918

2041898971

2041898975

2041899044

2041899068

2041899077

2041899224

2041856211

2041899260

2041860073

2041885660

2041888775

2041890001

2041891262

2041892177

2041892829

2042037314

2041916592

2041893111

2041893534

2041893886

2041894412

2041894623

2041894872

2041895034

2041895041

2041895137

2041895210

2041895262

2041895716

2041896093

2041896222

2041896373

2041896724

2041896845

2041896987

2041897022

2041897054

2041897074

2041897231

2041897257

2041897302

2041897320

2041897361

2041897395

2041897422

2041897615

2041897649

2041897670

2041897766

2041897786

2041897849

2041897892

2041897933

2041898007

2041898057

2041898149

2041898153

2041898198

2041898237

2041898312

2041898334

2041898383

2041898429

2041898442

2041898477

2041898640

2041898647

2041898674

2041898746

2041898760

2041898989

2041899030

2041899038

2041899209

2041899215

2041899230

2041899245

2041899313

2041899380

2041899419

2041899435

2041899462

2041899646

2041899687

2041899713

2041899858

2041900045

2041900083

2041900175

2041900282

2041900311

2041900346

2041900387

2041900403

2041859562

2041888379

2041889382

2041889806

2041893046

2041893384

2041894208

2041918798

2042038449

2041855524

2041858844

2041859757

2041888470

2041890130

2041892246

2041893263

2041893405

2041893725

2041894189

2041894357

2041894733

2041895069

2042070530

2041895721

2041895796

2041895807

2041896180

2041896253

2041896358

2041896696

2041897006

2041897073

2041897349

2041897400

2041897430

2041897635

2041897681

2041897770

2041897795

2041897842

2041897864

2041897916

2041898045

2041898125

2041898349

2041898386

2041898489

2041898631

2041898643

2041898771

2041898842

2041898870

2041898890

2041898920

2041898953

2041899063

2041899214

2041899287

2041899318

2041899323

2041899376

2041899412

2041899417

2041899473

2041899517

2041899526

2041899540

2041899708

2041899717

2041818638

2041899838

2041900062

2041819534

2041900072

2041900168

2041900276

2041900290

2041900308

2041900348

2041900431

2041910811

2041911335

2041911627

2041912670

2041912896

2041914034

2041914386

2041860058

2041914488

2041915145

2041915309

2041915841

2041916670

2041917018

2041917610

2041918234

2041918365

2041885194

2041918484

2041885816

2041918536

2041892351

2041893102

2041893457

2041894559

2041894685

2041894851

2041894882

2041895595

2041895690

2041896183

2041896355

2042071762

2041896707

2041896810

2041896985

2041897060

2041897262

2041897288

2041897645

2041897660

2041897723

2041897817

2041897848

2041897880

2041897912

2041897944

2041898027

2041898076

2041898099

2041898139

2041898155

2041898208

2041898296

2041898315

2041898364

2041898384

2041898406

2041898452

2041898658

2041898713

2041898736

2041898852

2041898889

2041898932

2041898992

2041899032

2041899046

2041899221

2041899454

2041899616

2041899660

2041899673

2041899695

2041899753

2041899783

2041899799

2041900031

2041900058

2041900091

2041900142

2041900179

2041900283

2041900369

2041900412

2041852486

2041911308

2041858385

2041915334

2041915556

2041917228

2041917492

2041917515

2041888790

2041917612

2041917949

2041918072

2041918265

2041918354

2041891135

2041918445

2041918803

2041919045

2041919287

2041919353

2041894102

2041919785

2041919919

2041895028

2041895056

2041895315

2041895704

2041896127

2041896420

2041896801

2041896991

2041897075

2041897246

2041897409

2041897418

2041897656

2041897721

2041897729

2041897797

2041897834

2041897941

2041898144

2041898172

2041898195

2041898289

2041898330

2041898422

2041898610

2041898657

2041898694

2041898710

2041898748

2041898823

2041898834

2041965162

2041898947

2041899061

2041899256

2041899290

2041899375

2041899456

2041899465

2041899499

2041899547

2041899614

2041899676

2041899709

2041899828

2041900110

2041900165

2041900181

2041900191

2041900275

2041900323

2041900367

2041900377

2041900379

2041913329

2041913894

2041913968

2041915088

2041916621

2041820056

2041917307

2041917611

2041917667

2041918468

2041919197

2041919544

2041919727

2041919930

2041920180

2041859946

2041890148

2041893117

2041893394

2041894578

2041895724

2041896046

2041896095

2041896221

2041896727

2041897043

2041897067

2041897293

2041897406

2041897765

2041898138

2041898287

2041898372

2041898405

2041898654

2041898733

2041898783

2041898909

2041898940

2041899003

2042076379

2041969122

2041899033

2041899244

2041899463

2041899500

2041899515

2041899550

2041899581

2041899684

2041899760

2041899776

2041899852

2041899862

2041899871

2041899901

2041900108

2041900278

2041900400

2041900451

2041916234

2041917175

2041917505

2041918031

2041918452

2041918547

2041919633

2041919931

2041920194

2041920265

2041858718

2041920446

2041886145

2041889777

2041890188

2041963448

2041964191

2041964266

2041964620

2041964838

2041964938

2041893721

2041965112

2041894180

2041894437

2041894734

2041895147

2041895367

2041895833

2041896025

2041896205

2041896383

2041896693

2041896824

2041896986

2041897338

2041897405

2041897702

2041897749

2041897945

2041898002

2041898173

2041898317

2041898470

2041898621

2041898699

2041898763

2041898847

2041898960

2042038262

2041897619

2041898095

2041898476

2041898907

2041899725

2041899791

2041900143

2041914187

2041917758

2041919368

2041965103

2041966313

2042071179

2042122457

2041968177

2041968566

2041968864

2041969116

2041969448

2041970174

2042031144

2042032154

2042032276

2042032645

2042033383

2042033622

2042033921

2042034404

2042034458

2042034765

2042035089

2041895599

2042036044

2042036141

2042036165

2042036247

2042036305

2042036392

2041898274

2042036673

2041898998

2042036878

2042037360

2042037459

2042037513

2042037628

2042037650

2041900342

2042037707

2042037953

2042038085

2042038161

2041918062

2041919235

2041919901

2041920295

2041964388

2041965871

2041967081

2041968240

2042124033

2041968847

2042031454

2042033109

2042033308

2042034794

2042035144

2042035576

2042036235

2042036387

2042036498

2042036697

2042036786

2042036961

2042037312

2042037407

2042038271

2042038467

2042038633

2042038682

2042038972

2042039023

2042039333

2042039422

2042039567

2042039590

2042039679

2042039766

2042039837

2041895247

2042039981

2042040175

2042040180

2042040195

2041897931

2042040380

2041898428

2041898664

2041899311

2041900094

2042070551

2042070909

2041918255

2041919026

2042126326

2041969426

2042032619

2042033174

2042033640

2042034243

2042034692

2042034857

2042035283

2042035464

2042036027

2042036081

2042036134

2042036265

2042036432

2042036826

2042037010

2042037160

2042037224

2042037648

2042037736

2042037930

2042038067

2042038385

2042038466

2042038575

2042038686

2041897253

2042038733

2042038800

2041897685

2042038840

2042039037

2042039359

2041899850

2042039560

2042039641

2042039790

2042039844

2042039946

2042040070

2042040095

2042040182

2042040361

2041961380

2041966538

2041969043

2042128364

2042078103

2042030821

2042032296

2042034274

2042035266

2042035558

2042036082

2042036443

2042036520

2042036710

2042037183

2042037208

2042037654

2042038026

2042038171

2041894582

2042038350

2042038497

2042038705

2042038795

2042038898

2042038928

2041898332

2041898683

2042039353

2041898900

2042039416

2041899576

2042039443

2041899670

2042040088

2042040316

2041916193

2041917276

2041965105

2041969128

2041969852

2042129801

2042079547

2041898433

2041899775

2041968484

2041969612

2042078952

2042030817

2042032763

2042033155

2042035264

2042036511

2042036805

2042036994

2042037368

2042037492

2042037659

2042037973

2042038071

2042038477

2042038911

2042039040

2042039345

2042039723

2042039774

2042039955

2042040262

2042040406

2042072082

2042072496

2042072818

2042074367

2041900408

2042075867

2042076227

2042076324

2042077013

2042077100

2042077675

2042077817

2042078015

2042078367

2042078428

2042078646

2042078681

2042078709

2042078759

2042078973

2042079071

2042079112

2042079183

2042079297

2042079304

2042079475

2042079539

2042031378

2042172457

2042091490

2042035084

2042035359

2042036421

2042037495

2042037749

2042038105

2042038297

2042038493

2042038967

2042039580

2042039965

2042040115

2042040314

2041898326

2042073053

2041900335

2042074382

2042074527

2042074731

2042075912

2042076442

2042076753

2042077630

2042077644

2042077822

2042078028

2042078196

2042078274

2042078298

2042078423

2042078686

2042078805

2042078839

2042034851

2042175630

2042036360

2042038061

2042038456

2042038885

2042039009

2042039215

2042039664

2042070885

2042072403

2042072680

2042074438

2042075203

2042075954

2042076369

2042076577

2042076593

2042077640

2042077702

2042077813

2042078078

2042078227

2042078356

2042078692

2042078775

2042078954

2042078983

2042079017

2042079303

2042079333

2042079568

2042079775

2042080325

2042080447

2042091132

2042091225

2042035633

2042036313

2042036795

2042037852

2042178167

2042038147

2042038448

2042038975

2042039618

2042040112

2042071426

2042076834

2042077621

2042078209

2042078721

2042078830

2042078868

2042079403

2042079512

2042079642

2041899731

2042079889

2042080284

2041900432

2042080434

2042090763

2042092253

2042092445

2042092747

2042093179

2042093582

2042093920

2042094347

2042094509

2042094702

2042095117

2042095260

2042095609

2042095807

2042096238

2042096388

2042033420

2042037854

2042038142

2042040060

2042098684

2042180367

2042036031

2042036740

2042039684

2042075627

2042077330

2042077670

2042078221

2042078344

2042078731

2042078800

2042079136

2042079514

2042079536

2042079803

2042080061

2042080258

2042090695

2041897397

2042094546

2041899449

2042094808

2042095040

2042095219

2042095829

2042096126

2042096265

2041920143

2042096415

2042096521

2042096646

2042096782

2042096908

2042097313

2042097371

2042097584

2042097652

2042097848

2042098257

2042098328

2042098345

2042098447

2042098667

2042037738

2042038578

2042039982

2042072025

2042073487

2042213240

2042075605

2042075852

2042076677

2042077088

2042077342

2042077814

2042078234

2042078779

2042079637

2042093480

2042093647

2042094169

2042095586

2042095844

2042096400

2042096631

2042096859

2042097022

2042097087

2042097212

2042097376

2042097602

2042097911

2042097948

2042098095

2042098214

2042098294

2042098380

2042098661

2042098980

2042099066

2042099239

2042099314

2042099324

2042099486

2042099509

2042099741

2042099816

2042099819

2042099887

2042099969

2042099996

2042100032

2042100053

2042100185

2042100200

2042100260

2042100324

2042100357

2042100379

2042039945

2042076548

2042077069

2042217065

2042078105

2042078677

2042079499

2042079852

2042080079

2042080410

2042095267

2042096250

2042096848

2042097009

2042097079

2042097253

2042097380

2042097606

2042098020

2042098256

2042098639

2042099098

2042099159

2042099255

2042099535

2042099602

2042099632

2042099909

2042099979

2042100093

2042100128

2042100154

2042100238

2042100321

2042120627

2042076458

2042077231

2042078049

2042078264

2042078633

2042078812

2042128225

2042079075

2042079338

2042079903

2042092382

2042093088

2042094357

2042094805

2042095607

2042095890

2042096053

2042096516

2042096935

2042096949

2042097013

2042097303

2042097390

2042097527

2042097830

2042097882

2042098211

2042098310

2042098698

2042098957

2042099313

2042099503

2042099617

2042099732

2042099818

2042099855

2042100007

2042100090

2042100220

2042100264

2042100362

2042121238

2042122764

2042122912

2042123940

2042124499

2042124976

2042125152

2042035188

2042038022

2042075475

2042076627

2042077141

2042220435

2042128170

2041898043

2042039466

2042077374

2042078295

2042078470

2042079563

2042079872

2042094307

2042094557

2042095104

2042097335

2042097818

2042098694

2042099121

2042099470

2042099519

2042099593

2042099781

2042099864

2042099937

2042100018

2042100153

2042100170

2042122599

2042122810

2042123868

2042124390

2042124951

2042125299

2042126319

2042126713

2042126989

2042127479

2042127632

2042127665

2042127738

2042127786

2042128017

2042035073

2042074001

2042076733

2042079051

2042079947

2042233672

2042097558

2042097608

2042099123

2042099153

2042099327

2042099905

2042100087

2042100149

2042100180

2042121141

2042121856

2041900154

2042124561

2042125567

2042126708

2042127386

2042127656

2042127735

2042127989

2042128441

2042128745

2042129432

2042129604

2042129667

2042129829

2042130042

2042130081

2042033426

2042039425

2042079877

2042091323

2042091807

2042236397

2042175607

2042094157

2042096777

2042099340

2042099537

2042099917

2042100226

2042121788

2042123350

2042124377

2042126384

2042126644

2042126997

2042127400

2042127732

2042128327

2042128481

2042128773

2042128824

2042128975

2042129367

2042129730

2042130129

2042130439

2042038520

2042097346

2042238260

2042178781

2042098233

2042098673

2042099149

2042099241

2042099297

2042099753

2042099888

2042120809

2042124697

2042126028

2042126303

2042127091

2042127413

2042127889

2042128211

2042128457

2042128503

2042128832

2042130021

2042170975

2042171694

2042173270

2042173875

2042174167

2042174459

2042174641

2042175153

2042175462

2042175513

2042079884

2042239768

2042176289

2042039214

2042078380

2042180395

2042097426

2042099990

2042100248

2042125605

2042127478

2042127926

2042128009

2042128988

2042129282

2042171927

2042172079

2042173401

2042173516

2042174968

2042175220

2042175481

2042175815

2042098276

2042099084

2042100027

2042100303

2042272163

2042178295

2042123788

2042126832

2042127585

2042127978

2042128502

2042129144

2042129782

2042130007

2042173506

2042175687

2042175785

2042175932

2042176318

2042176803

2042177128

2042177175

2042177452

2042177764

2042177963

2042178146

2042178230

2042178299

2042178563

2042178833

2042178882

2042179054

2042179148

2042179440

2042179462

2042179615

2042179864

2042179997

2042180279

2042180340

2042078424

2042080427

2042275935

2042096827

2042100158

2042126601

2042128703

2042170605

2042173527

2042173891

2042173947

2042174367

2042175698

2042175714

2042176906

2042177243

2042177445

2042177493

2042177770

2042178169

2042100171

2042278991

2042127446

2042129022

2042172119

2042177248

2042178026

2042178043

2042178506

2042178756

2042178886

2042179069

2042179083

2042179131

2042179349

2042179590

2042179637

2042179717

2042180146

2042100175

2042099921

2042100239

2042216843

2042291908

2042176453

2042176790

2042177409

2042179528

2042179624

2042180210

2042180272

2042180343

2042213673

2042214183

2042214274

2042214356

2042214790

2042100394

2042127048

2042294553

2042216406

2042173188

2042176981

2042179149

2042179847

2042180072

2042180205

2042213953

2042214348

2042214714

2042215560

2042215601

2042215747

2042215850

2042215855

2042216111

2042216302

2042216410

2042216486

2042175578

2042176552

2042176568

2042176678

2042179077

2042179275

2042179459

2042179646

2042180045

2042180329

2042210803

2042211725

2042213628

2042214369

2042214603

2042214731

2042214797

2042215333

2042215565

2042216136

2042216244

2042216341

2042097195

2042125564

2042127472

2042298320

2042180374

2042210920

2042215397

2042216217

2042216436

2042216784

2042216970

2042217289

2042217432

2042217504

2042217770

2042217853

2042218012

2042218180

2042218536

2042218745

2042299165

2042218748

2042303453

2042174620

2042175657

2042178985

2042179544

2042179887

2042212386

2042213846

2042214527

2042216237

2042216364

2042216477

2042216783

2042217234

2042217775

2042217881

2042218206

2042218269

2042218425

2042100250

2042303521

2042179063

2042179711

2042213970

2042215837

2042216528

2042216956

2042217788

2042218593

2042218800

2042219498

2042219968

2042220235

2042231765

2042234085

2042306389

2042179499

2042212326

2042213806

2042215836

2042216049

2042216755

2042217379

2042217828

2042218496

2042218971

2042219233

2042219334

2042219977

2042220358

2042239918

2042308092

2042215364

2042218510

2042218870

2042219012

2042219491

2042219946

2042220223

2042220309

2042220351

2042231292

2042233932

2042237486

2042238075

2042238527

2042238858

2042239548

2042239679

2042239936

2042240239

2042240321

2042240366

2042129441

2042310331

2042312191

2042270752

2042210469

2042217388

2042217815

2042218073

2042218578

2042218925

2042219574

2042219972

2042220270

2042234898

2042236893

2042237527

2042237627

2042238425

2042238601

2042238682

2042239515

2042239998

2042240169

2042240344

2042315457

2042179067

2042216242

2042217268

2042219441

2042220109

2042232880

2042234628

2042236848

2042237644

2042238757

2042239117

2042239261

2042239358

2042240353

2042317205

2042219994

2042239678

2042239926

2042272250

2042273045

2042276642

2042318525

2042278944

2042219993

2042236780

2042238760

2042239660

2042276438

2042276844

2042277000

2042277356

2042277983

2042278612

2042275912

2042216728

2042217106

2042218255

2042237028

2042275167

2042335669

2042292224

2042220434

2042239526

2042275244

2042276801

2042278937

2042279512

2042291718

2042292383

2042338559

2042274180

2042276398

2042277953

2042278628

2042280061

2042290968

2042340532

2042218154

2042239517

2042278337

2042341150

2042343288

2042296624

2042237648

2042277263

2042280055

2042295165

2042344440

2042215374

2042278188

2042279524

2042292402

2042295363

2042347848

2042213925

2042351678

2042292984

2042296004

2042298665

2042303542

2042351089

2042356419

2042292757

2042296557

2042297217

2042299369

2042299730

2042302738

2042303417

2042303889

2042357210

2042279957

2042299367

2042299898

2042306697

2042307806

2042309157

2042309422

2042309615

2042309804

2042310084

2042318033

2042358284

2042297920

2042308294

2042308977

2042309534

2042309630

2042309848

2042309984

2042359640

2042320360

2042298270

2042309823

2042310318

2042316678

2042362298

2042364404

2042306815

2042338470

2042313506

2042318888

2042320125

2042331506

2042333479

2042369006

2042334578

2042308033

2042310223

2042316596

2042319036

2042319692

2042334319

2042334782

2042336952

2042338059

2042370735

2042309421

2042337244

2042372768

2042339014

2042374996

2042334616

2042375946

2042308063

2042338787

2042380230

2042335404

2042336851

2042338567

2042338938

2042340141

2042382165

2042340455

2042342053

2042344154

2042345578

2042345903

2042346690

2042346891

2042383940

2042300326

2042339827

2042345116

2042345711

2042347599

2042387934

2042349944

2042339073

2042343140

2042344579

2042345332

2042346111

2042347451

2042347568

2042347838

2042348941

2042348959

2042349173

2042349613

2042389445

2042339778

2042343338

2042345458

2042347490

2042392306

2042335867

2042342376

2042348276

2042348613

2042348934

2042349010

2042349180

2042349976

2042350262

2042392371

2042357671

2042395952

2042344894

2042348533

2042348913

2042349172

2042349211

2042350115

2042350257

2042349592

2042349886

2042350243

2042357297

2042400313

2042359492

2042348522

2042349429

2042349521

2042358441

2042402122

2042347158

2042350197

2042350414

2042356774

2042358892

2042404949

2042373347

2042347856

2042359894

2042366165

2042360041

2042368927

2042369514

2042370091

2042371127

2042411305

2042364916

2042369823

2042373912

2042375560

2042376946

2042378294

2042349200

2042369630

2042370271

2042375492

2042414174

2042415925

2042350335

2042369822

2042417288

2042369525

2042372836

2042373931

2042419632

2042379124

2042423519

2042390124

2042370106

2042427021

2042380135

2042386381

2042386840

2042387152

2042387695

2042387989

2042388067

2042388897

2042389547

2042390334

2042393879

2042428871

2042378953

2042430236

2042377874

2042384900

2042389187

2042389805

2042387318

2042388168

2042388348

2042389391

2042389888

2042435938

2042436866

2042383235

2042386764

2042390386

2042408137

2042399992

2042441821

2042379983

2042387514

2042402977

2042406092

2042406758

2042405541

2042386749

2042398344

2042399583

2042445602

2042447556

2042449964

2042453351

2042418408

2042454030

2042413634

2042406068

2042410316

2042410450

2042412279

2042413762

2042414843

2042415047

2042417360

2042417684

2042417949

2042466365

2042469215

2042413417

2042414367

2042416115

2042416821

2042417101

2042417793

2042417956

2042418550

2042419547

2042419934

2042425232

2042428291

2042430790

2042472350

2042420246

2042471543

2042435381

2042417635

2042419232

2042477388

2042478760

2042437635

2042438489

2042439234

2042439446

2042482852

2042419640

2042483220

2042436721

2042437296

2042440185

2042444594

2042450448

2042487356

2042490780

2042440270

2042493084

2042438425

2042439395

2042445563

2042448076

2042448479

2042449660

2042494644

2042446118

2042439546

2042447549

2042447986

2042448467

2042448813

2042496380

2042419936

2042499747

2042456424

2042458014

2042445784

2042448367

2042449160

2042453963

2042458618

2042460331

2042460493

2042465720

2042455313

2042456265

2042458237

2042457203

2042459414

2042508531

2042472938

2042462420

2042465491

2042468280

2042512244

2042458140

2042468014

2042468628

2042470385

2042472239

2042514957

2042516825

2042469991

2042469997

2042519176

2042485121

2042488619

2042523074

2042470140

2042477121

2042480162

2042480496

2042482805

2042522664

2042469053

2042479997

2042484665

2042486475

2042486958

2042488389

2042525259

2042489287

2042458429

2042527083

2042479879

2042484575

2042486476

2042487264

2042487578

2042487703

2042488067

2042489116

2042528016

2042489580

2042486666

2042486899

2042529586

2042486397

2042487391

2042488114

2042488582

2042489984

2042490172

2042535179

2042536853

2042486387

2042488557

2042540370

2042542288

2042494629

2042498614

2042543605

2042499780

2042504162

2042546652

2042489810

2042547090

2042500044

2042551050

2042499071

2042499422

2042553770

2042497139

2042509650

2042513037

2042516054

2042516144

2042516300

2042516420

2042516714

2042554762

2042499090

2042514614

2042515209

2042516128

2042516854

2042556126

2042514314

2042515198

2042559129

2042519500

2042560030

2042515342

2042515572

2042518826

2042519247

2042564475

2042512630

2042515443

2042518683

2042566143

2042518901

2042519205

2042520001

2042520414

2042569474

2042515482

2042519718

2042600705

2042603350

2042555527

2042555996

2042604357

2042606280

2042549665

2042556441

2042543116

2042559708

2042570916

2042613146

2042614278

2042571139

2042573986

2042616455

2042549066

2042570862

2042571599

2042617923

2042575613

2042576748

2042578173

2042620621

2042576142

2042622977

2042578914

2042625322

2042626887

2042577940

2042579295

2042580317

2042588225

2042629161

2042573314

2042589150

2042597763

2042630381

2042633157

2042578829

2042579332

2042594815

2042595330

2042595729

2042596617

2042596999

2042597204

2042597437

2042633558

2042574839

2042577582

2042589316

2042572231

2042636944

2042598698

2042578302

2042640158

2042590400

2042598500

2042598854

2042644869

2042585835

2042600078

2042647209

2042597253

2042599978

2042648378

2042605357

2042606590

2042609302

2042610180

2042651325

2042654677

2042598361

2042599682

2042600255

2042608140

2042656930

2042620925

2042599847

2042600001

2042656244

2042599278

2042614573

2042617864

2042659769

2042599712

2042616377

2042662203

2042663746

2042619133

2042630353

2042617735

2042618788

2042619008

2042623695

2042624602

2042667584

2042628540

2042606651

2042627681

2042628456

2042628499

2042629311

2042629695

2042629858

2042630100

2042630333

2042670179

2042621724

2042624503

2042627389

2042627630

2042627702

2042671157

2042673763

2042625864

2042628491

2042629913

2042675447

2042634332

2042639065

2042677835

2042626515

2042630160

2042630403

2042680034

2042638966

2042639765

2042683261

2042652066

2042685285

2042651603

2042640122

2042647026

2042648972

2042649511

2042629775

2042637670

2042639535

2042639762

2042642154

2042644409

2042646631

2042647252

2042649937

2042689639

2042627685

2042630187

2042638028

2042639233

2042639894

2042649003

2042650035

2042650345

2042651055

2042655822

2042690241

2042655678

2042649552

2042694662

2042648511

2042649993

2042650314

2042654631

2042655555

2042656360

2042654878

2042655746

2042657440

2042697587

2042702153

2042652186

2042655313

2042754740

2042719392

2042756401

2042708810

2042709729

2042710128

2042709412

2042709737

2042710281

2042714832

2042716852

2042707065

2042715344

2042717990

2042720730

2042764170

2042732616

2042708869

2042767348

2042709450

2042772311

2042709705

2042719210

2042727547

2042727808

2042729807

2042773535

2042730125

2042775033

2042778525

2042729599

2042734015

2042779050

2042730421

2042733309

2042738781

2042781288

2042723879

2042735601

2042737387

2042737976

2042783392

2042738787

2042740118

2042787330

2042737938

2042745602

2042746042

2042788498

2042744799

2042749070

2042791088

2042748542

2042749158

2042794744

2042750000

2042746912

2042749093

2042796939

2042798827

2042766454

2042746924

2042750106

2042800147

2042765401

2042802704

2042757389

2042804302

2042756792

2042759823

2042768148

2042769613

2042769868

2042770729

2042750007

2042815417

2042778021

2042818357

2042776261

2042777418

2042824787

2042790185

2042828200

2042829646

2042781199

2042788177

2042788462

2042795134

2042795658

2042795874

2042832105

2042777694

2042787487

2042790166

2042834856

2042789385

2042836011

2042779424

2042792206

2042799347

2042837584

2042840717

2042800779

2042842025

2042806490

2042844944

2042808650

2042805121

2042805271

2042805679

2042805980

2042845633

2042793604

2042802014

2042803254

2042804904

2042806170

2042806817

2042807232

2042808576

2042846028

2042848543

2042804150

2042809269

2042809639

2042849452

2042803951

2042807483

2042810407

2042810734

2042813641

2042853218

2042808036

2042808242

2042808931

2042815279

2042856439

2042820353

2042805999

2042806952

2042809610

2042812041

2042814011

2042819288

2042819823

2042820082

2042870192

2042867785

2042868969

2042898942

2042850007

2042863569

2042865658

2042865689

2042853866

2042860056

2042866845

2042866929

2042867188

2042868430

2042868544

2042868881

2042869075

2042912816

2042867822

2042869823

2042870455

2042879322

2042885064

2042886334

2042925101

2042894414

2042876259

2042889790

2042928116

2042894933

2042897856

2042899342

2042867252

2042929408

2042889671

2042892384

2042896980

2042897720

2042893911

2042895714

2042898952

2042864754

2042889474

2042899444

2042939013

2042912843

2042897368

2042903611

2042912441

2042899107

2042910019

2042910592

2042940582

2042899997

2042899290

2042910728

2042912228

2042916499

2042916651

2042917027

2042917167

2042917385

2042917677

2042917728

2042945884

2042910009

2042913327

2042916521

2042917707

2042918020

2042918536

2042918999

2042913141

2042917982

2042953342

2042911638

2042927806

2042954439

2042917730

2042919050

2042919545

2042920082

2042920097

2042920335

2042926315

2042927628

2042938315

2042918501

2042918787

2042919760

2042920344

2042928233

2042928586

2042929931

2042930059

2042937743

2042938250

2042918484

2042963970

2042916481

2042919537

2042897882

2042914451

2042917350

2042927746

2042929365

2042936902

2042937793

2042927565

2042929409

2042939315

2042942826

2042917125

2042917988

2042971773

2042936317

2042940683

2042942714

2042942760

2042943665

2042927869

2042942363

2042945465

2042942385

2042978927

2042913019

2042948510

2042948945

2042949472

2042982023

2042945901

2042946587

2042946938

2042949512

2042951296

2042940209

2042942073

2042947746

2042950431

2042946498

2042949221

2042950381

2042952464

2042987146

2042988409

2042948047

2042948184

2042948877

2042949254

2042949531

2042950376

2042953152

2042950080

2042964796

2042958185

2042958895

2042957875

2042959733

2043009054

2043009251

2043009349

2043020984

2043025696

2043026956

2043016979

2043020027

2043025783

2043027173

2043027336

2043101116

2043019662

2043028621

2043029001

2043029760

2043030137

2043026931

2043008788

2043105727

2043028392

2043029634

2043029729

2043063738

2043068765

2043069959

2043121495

2043028058

2043028623

2043029757

2043065181

2043068222

2043068986

2043009253

2043027992

2043029234

2043029336

2043061801

2043067271

2043068813

2043123387

2043027494

2043029281

2043029312

2043064461

2043066207

2043069788

2043073588

2043019447

2043065826

2043066523

2043076198

2043126898

2043079809

2043077702

2043127026

2043028362

2043070353

2043069026

2043076914

2043077091

2043078900

2043080451

2043009996

2043106921

2043104807

2043105760

2043106211

2043106411

2043106682

2043104612

2043104935

2043105001

2043106222

2043106328

2043106427

2043106813

2043106961

2043108037

2043108266

2043137383

2043079259

2043080023

2043077297

2043079473

2043106865

2043107443

2043107591

2043107822

2043109229

2043105070

2043105222

2043105337

2043107000

2043107381

2043107461

2043108325

2043108746

2043079019

2043104504

2043104629

2043106387

2043106654

2043107101

2043107558

2043107612

2043107926

2043108317

2043108593

2043108984

2043109057

2043109219

2043109283

2043110050

2043110198

2043110252

2043110362

2043110400

2043123185

2043079611

2043079990

2043103642

2043104308

2043106537

2043107626

2043108008

2043108288

2043108321

2043108379

2043108556

2043108763

2043109892

2043110331

2043110399

2043080261

2043106355

2043106524

2043107776

2043107848

2043108160

2043108271

2043109276

2043109740

2043109900

2043124392

2043126057

2043127498

2043127882

2043107501

2043104828

2043107018

2043108577

2043110347

2043127059

2043103770

2043109703

2043127074

2043129409

2043130018

2043202750

2043106418

2043108330

2043110262

2043129601

2043134690

2043106402

2043109240

2043127286

2043137541

2043138867

2043139239

2043203700

2043109293

2043109660

2043126917

2043138460

2043138755

2043139231

2043110160

2043140135

2043122604

2043108619

2043195398

2043195946

2043198712

2043202197

2043205920

2043207662

2043208732

2043209282

2043209352

2043206713

2043278897

2043205912

2043207759

2043210269

2043210330

2043327811

2043328715

2043328919

2043327817

2043339280

2043329213

